12360 50145
12405 50145
12465 50145
12510 50145
12540 50145

14145 67005
14160 67065
14160 67110
14160 67170
14175 67125

17340 66435
17310 66420
17325 66375
17385 66360
17430 66345

15555 65220
15510 65220
15450 65220
15420 65205
15450 65175
15495 65160
15555 65160
15585 65160
15630 65145
15675 65145
15705 65145
15750 65145

16005 67185
15975 67215
15975 67260
15990 67320
16005 67365
16020 67395
16035 67410
16065 67410
16095 67395
16125 67365
16155 67335
16185 67290
16215 67245
16245 67215
16275 67170
16305 67140

7485 72975
7470 73005
7455 73050
7440 73080
7425 73110
7410 73140
7395 73185
7380 73215
7365 73260
7335 73290
7320 73320
7305 73350
7290 73380
7275 73410
7245 73455
7230 73485

16290 61350
16260 61365
16245 61380
16185 61410
16170 61425
16140 61440
16110 61470
16080 61515
16065 61560
16065 61605
16050 61680
16050 61710
16050 61740
16035 61785
16035 61815
16020 61845
16005 61890
16050 61890
16110 61860
16140 61845
16185 61845
16215 61830
16260 61830
16305 61830
16335 61830
16380 61845
16410 61845
16455 61875
16470 61920
16485 61965
16470 62010
16425 62070
16380 62115
16335 62160
16290 62220
16230 62265
16200 62295
16170 62325
16140 62340
16110 62325
16110 62280
16125 62220

3840 71040
3825 71085
3810 71115
3855 71115

5010 71535
5055 71535
5100 71535
5145 71520
5190 71520
5235 71505
5280 71505
5325 71490
5310 71535
5295 71565
5295 71595
5310 71640
5340 71655
5370 71670
5415 71685
5370 71685
5415 71670

7635 70440
7590 70425
7635 70410
7680 70425
7710 70440
7740 70470
7740 70530
7740 70575
7725 70620
7725 70680
7725 70740
7710 70800
7710 70875
7710 70950
7725 71025
7725 71100
7740 71190
7755 71280
7755 71355
7770 71430
7770 71490
7770 71550
7770 71595
7770 71670
7770 71700
7800 71670
7815 71610
7830 71580
7845 71535
7845 71445

7260 71340
7275 71310
7275 71280
7260 71325
7260 71355
7245 71385
7230 71430
7215 71475
7215 71520
7200 71550
7185 71580
7170 71625
7170 71595
7155 71565
7170 71505
7185 71460
7200 71430
7215 71400
7230 71370
7245 71340
7260 71325
7305 71295
7335 71280
7365 71295
7380 71340
7365 71400
7350 71430
7335 71475
7320 71505
7290 71535
7275 71565
7245 71595
7215 71610
7185 71625
7170 71595
7185 71610
7215 71625
7245 71640
7275 71655
7335 71670
7410 71670
7470 71685
7515 71685
7545 71670
7560 71640
7590 71625

8820 71055
8790 71040
8745 71040
8715 71070
8685 71145
8670 71205
8670 71280
8655 71340
8640 71430
8640 71505
8640 71580
8640 71640

10080 70800
10050 70770
10020 70785
9990 70845
9975 70890
9945 70950
9915 71025
9885 71100
9840 71175
9795 71265
9750 71340
9720 71415
9675 71475
9630 71550
9600 71610
9570 71655
9540 71700
9525 71730
9495 71775

10680 71130
10680 71085
10695 71025
10710 70995
10725 70950
10755 70920
10770 70875
10800 70860
10815 70830
10845 70800
10875 70800
10890 70830
10875 70890
10875 70935
10875 70980
10860 71025
10860 71085
10860 71130
10860 71190
10860 71265
10860 71325
10860 71385
10875 71430
10905 71475
10920 71505
10935 71535
10965 71550
10995 71520
11010 71490
11040 71460
11055 71415
11070 71370
11100 71325
11115 71280
11130 71220
11145 71160
11160 71115
11190 71055
11205 71010
11220 70980
11235 70950
11250 70965
11265 71025
11280 71055
11295 71085
11325 71130
11340 71160
11355 71190

11100 70260
11070 70245
11025 70230
11010 70260
11040 70320
11055 70365
11085 70425
11100 70485
11130 70560
11160 70635
11205 70725
11235 70800
11265 70875
11295 70950
11325 71010
11355 71070
11385 71130
11400 71175
11415 71205
11430 71235
11445 71295
11460 71325
11430 71310
11415 71280

12270 70935
12300 70905
12315 70890
12345 70875
12375 70860
12420 70830
12465 70815
12510 70800
12540 70785
12570 70770
12600 70815

12195 72150
12210 72120
12240 72090
12270 72075
12315 72060
12375 72060
12420 72060
12420 72105
12390 72135
12375 72165
12345 72210
12300 72255
12270 72300
12240 72345
12210 72375
12195 72405
12180 72435
12195 72405
12210 72360
12225 72330
12210 72300
12180 72285

12975 70410
13005 70440
13020 70470
13035 70515
13050 70560
13050 70620
13065 70665
13080 70725
13080 70785
13080 70830
13080 70890
13080 70935
13095 70995
13095 71040
13095 71070
13095 71130

12795 72105
12750 72135
12720 72165
12705 72180
12675 72210
12705 72195
12765 72180
12780 72165
12810 72150
12855 72135
12900 72120
12885 72150
12870 72180
12870 72240
12855 72300
12855 72345
12855 72420
12855 72480
12855 72525
12855 72570
12885 72525
12915 72480
12930 72450
12945 72420
12960 72375
12930 72345
12870 72345
12840 72360
12810 72405
12780 72420
12750 72450
12720 72480
12750 72450
12735 72435
12750 72390
12765 72360
12795 72330
12840 72330
12870 72360
12930 72375
12975 72375
13020 72375
13080 72375