465 40725
510 40740
600 40740
645 40740
705 40740
765 40725
840 40695
900 40665
975 40650
1020 40620
1080 40605
1110 40590
1140 40575
1170 40545
1290 40545
1200 40530

1620 40170
1575 40185
1560 40215
1545 40260
1545 40290
1530 40335
1515 40380
1500 40425
1470 40485
1455 40530
1425 40590
1410 40650
1380 40710
1350 40755
1320 40815
1290 40875
1260 40935
1230 40995
1200 41055
1170 41100
1125 41160
1080 41220
1050 41280
1005 41325
960 41385
915 41430
870 41490
825 41535
780 41580
735 41610
690 41655
645 41685
615 41715
570 41745
540 41760
510 41790
480 41805
450 41805
420 41820
375 41835
330 41850

975 41460
1005 41490
1035 41490
1080 41490
1110 41475
1140 41475
1185 41460
1230 41445
1275 41430
1320 41415
1365 41400
1395 41445

690 40950
690 40905
690 40950
690 40980
705 41040
720 41100
720 41160
735 41235
750 41295
765 41370
780 41415

915 40590
990 40590
1065 40575
1095 40575
1170 40545
1215 40530
1275 40500
1335 40485
1410 40455
1470 40425
1530 40410
1575 40380
1620 40365
1665 40350
1710 40335
1680 40395
1650 40425
1620 40485
1590 40560
1545 40665
1530 40755
1500 40860
1500 40965
1500 41100
1500 41205
1515 41295
1530 41385
1560 41460
1590 41520
1635 41565
1665 41610
1710 41625
1770 41625
1830 41610

1080 41700
1035 41730
1005 41760
1035 41700
1110 41670
1185 41610
1260 41565
1365 41505
1470 41445
1590 41400
1695 41355
1800 41310

2970 41085
2955 41055
2925 41040
2895 41070
2910 41130
2925 41175
2940 41220
2955 41295
2970 41355
3000 41415
3015 41460
3045 41520
3060 41565
3075 41610
3090 41640
3090 41700
3060 41745
3030 41775
2985 41790

4575 41670
4530 41700
4500 41715
4485 41745
4515 41730
4545 41715
4590 41685
4635 41655
4710 41625
4785 41580
4875 41535
4965 41490
5070 41445
5160 41400
5265 41355
5355 41310
5430 41280
5505 41235
5565 41220
5610 41190
5655 41175
5685 41160
5715 41145

4125 41805
4065 41805
4035 41790
4065 41775
4110 41760
4185 41730
4260 41700
4350 41670
4455 41640
4620 41595
4785 41550
4980 41490
5175 41445
5490 41385
5730 41340
6030 41280
6285 41250
6645 41205
6915 41175
7215 41145
7455 41115
7710 41115
7890 41100
8070 41100
8220 41100
8340 41115
8430 41115
8505 41115
8565 41115
8610 41115
8670 41130
8730 41130
8775 41130

7605 41130
7620 41100
7635 41145
7635 41205
7650 41265
7665 41325
7680 41385
7680 41415
7695 41445
7725 41490

8445 41235
8460 41190
8475 41160
8505 41175
8520 41220
8535 41250
8535 41295
8550 41340
8565 41385
8580 41430
8580 41460
8610 41505
8625 41520
8670 41520

6825 43515
6810 43575
6795 43605
6780 43635
6765 43680
6750 43725
6735 43785
6705 43845
6675 43920
6645 43995
6615 44070
6600 44160
6570 44235
6540 44310
6510 44385
6495 44460
6465 44520
6450 44595
6435 44655
6420 44700
6405 44730

6555 43875
6555 43920
6570 43950
6585 43980
6630 43995
6660 43995
6645 44040
6630 44055
6615 44085
6600 44130
6600 44175
6630 44205
6675 44205

7365 44205
7395 44190
7440 44190
7500 44190
7575 44190
7605 44190
7650 44190
7680 44205

8280 43950
8295 43935
8280 43965
8280 44010
8295 44055
8295 44100
8310 44145
8340 44190
8355 44235
8385 44265
8415 44295
8430 44310
8460 44325
8490 44340
8550 44340
8610 44340
8640 44340
8685 44325
8715 44310
8730 44295
8760 44505
8775 44385

11295 42150
11280 42195
11295 42225
11340 42225
11385 42225
11430 42225
11475 42225
11520 42210
11565 42210
11610 42210
11655 42225
11685 42225
11715 42240
11745 42255
11775 42270
11790 42300
11805 42330
11805 42360
11820 42405
11805 42450
11805 42495
11790 42555
11760 42600
11745 42660
11700 42720
11670 42780
11625 42840
11580 42900
11535 42960
11490 43005