17595 87015
17535 87030
17505 87060
17490 87120
17520 87180
17535 87210
17565 87225
17610 87225
17670 87225
17715 87210
17775 87195
17820 87150
17880 87105
17925 87060
17970 87000
18030 86925
18075 86835
18135 86745
18165 86670
18195 86625
18225 86595
18240 86565
18255 86610
18240 86670
18225 86760
18210 86850
18165 86985
18120 87150
18060 87345
18000 87540
17925 87765
17865 87975
17820 88185
17775 88365
17745 88530
17715 88680
17715 88785
17715 88860
17715 88920
17745 88950
17760 88920
17790 88875
17835 88800

5160 62700
5160 62745
5160 62790
5160 62850
5160 62895
5175 62925
5175 62970
5205 62955
5235 62940
5280 62910

4815 63435
4830 63390
4875 63375
4920 63345
4965 63330
5025 63315
5070 63300
5130 63300
5175 63315
5190 63330
5235 63360
5250 63390
5265 63420
5295 63450
5310 63480
5325 63510
5355 63555
5370 63600
5385 63645
5400 63675
5415 63720
5430 63750
5445 63795
5460 63840
5460 63885
5445 63840

7395 62625
7365 62670
7350 62730
7350 62760
7335 62820
7320 62865
7305 62925
7290 63000
7275 63060
7260 63135
7245 63195
7230 63270
7215 63330
7200 63390
7185 63450
7185 63510
7170 63585
7155 63630
7140 63705
7140 63765
7125 63825
7110 63885
7095 63960
7095 64020
7080 64080
7080 64140
7065 64200
7050 64245
7050 64305
7035 64350
7035 64395
7020 64455
7020 64485
7035 64470
7050 64425
7065 64395
7080 64365
7095 64320
7125 64275
7155 64215
7185 64140
7230 64080
7275 64005
7320 63945
7380 63885
7425 63795
7470 63780

6015 63195
6000 63225
5970 63255
6015 63270
6060 63270
6105 63270
6165 63270
6225 63270
6300 63270
6390 63255
6480 63255
6585 63255
6690 63255
6810 63240
6930 63240
7050 63240
7185 63225
7305 63225
7440 63210
7575 63195
7710 63195
7845 63180
7890 63165
7965 63150
8040 63135
8115 63120
8190 63105
8250 63090
8325 63090
8400 63075
8490 63060
8565 63045
8640 63045
8730 63030
8820 63030
8895 63015
8970 63015
9045 63000
9120 63000
9180 63000
9255 63000
9315 62985
9375 62985
9435 62985
9510 62985
9570 62970
9630 62985
9690 62985
9765 62985
9825 62985
9900 62985
9960 62955
10005 62940
10050 62925
10110 62910
10155 62895
10215 62865
10260 62850
10320 62835
10350 62820
10395 62805
10425 62805
10485 62790
10515 62775
10560 62760
10590 62730
10620 62715
10605 62685

8130 63315
8130 63270
8145 63285
8160 63315
8175 63360
8190 63405
8190 63465
8205 63510
8220 63570
8235 63630
8265 63690
8280 63735
8295 63780
8310 63825
8325 63855
8340 63885
8355 63915
8370 63960
8400 63990
8385 63945
8370 63885

9105 63750
9075 63795
9060 63840
9060 63870
9060 63915

11205 64215
11115 64215
11055 64215
11010 64215
10965 64185
10965 64125
10965 64080
10980 64020
10995 63975
10920 63885
10875 63810
10830 63735
10785 63660
10755 63585
10710 63510
10680 63450
10635 63390
10620 63345
10590 63300
10560 63255
10545 63225
10530 63195
10500 63150

12840 63765
12750 63780
12720 63780
12750 63795
12840 63810
12900 63825
12960 63840
13020 63855
13065 63885
13095 63900
13110 63930

14535 63795
14550 63750
14565 63720
14595 63750
14625 63765
14655 63795
14685 63825
14715 63870
14760 63900
14790 63945
14820 63975
14850 64005
14880 64035
14895 64050
14925 64065
14955 64065
14970 64035
14985 64005

16095 63705
16095 63750
16080 63810
16065 63855
16050 63900
16050 63945
16035 63990
16020 64050
16005 64110
15990 64170
15975 64230
15960 64290
15960 64365
15945 64425
15945 64470
15930 64530
15930 64575
15915 64635
15915 64680
15915 64710
15915 64785
15915 64830
15915 64890
15915 64935
15900 64980

17355 63795
17295 63825
17265 63825
17220 63840
17175 63855
17130 63855
17085 63870
17055 63870
17010 63885
16950 63885

17460 64620
17385 64635
17310 64650
17265 64695
17205 64710
17145 64725
17055 64755
16995 64770
16950 64785
16920 64800
16890 64800
16830 64830
16800 64845
16770 64875
16755 64890
16725 64905
16695 64935
16650 64965
16620 64995
16575 65040
16545 65085
16500 65115
16470 65160
16425 65220

17655 63975
17640 63945
17655 63900
17685 63885
17745 63870
17775 63855
17835 63840
17880 63840
17910 63840
17985 63840
18030 63840
18105 63840
18165 63840
18225 63855
18270 63870
18315 63885
18345 63900
18390 63915
18420 63945
18450 63975
18465 64005
18480 64065
18465 64125
18465 64185
18450 64215
18420 64260
18405 64290
18390 64320
18345 64365

17580 65190
17595 65235
17595 65280
17595 65340
17595 65400
17610 65460
17625 65490
17655 65535
17700 65565
17760 65580
17835 65580
17865 65580
17925 65565
17985 65565
18030 65550
18075 65535
18105 65520
18135 65505

3315 66615
3345 66585
3390 66555
3450 66525
3495 66510
3540 66495
3570 66480
3615 66465
3660 66450
3675 66480
3690 66525
3705 66600
3705 66645
3705 66735
3720 66810
3720 66900
3720 66990
3720 67095
3720 67215
3720 67335
3705 67440
3705 67560
3705 67665
3705 67800
3705 67920
3705 68025
3705 68145
3705 68250
3705 68370
3690 68475
3690 68580
3690 68685
3690 68790
3675 68820
3645 68850
3615 68865
3555 68850
3525 68835
3495 68805
3480 68775
3450 68730
3435 68685
3420 68640
3405 68595
3405 68535
3420 68490
3435 68430
3465 68385
3480 68340
3525 68295
3555 68265
3615 68220
3660 68190
3750 68205
3840 68235
3915 68265
4005 68325
4095 68385
4170 68460
4245 68520
4290 68595
4335 68670
4365 68730
4380 68805
4380 68850
4380 68910
4380 68955
4350 69000
4335 69030
4305 69060
4275 69090
4245 69090
4185 69075
4155 69045
4125 69015

6195 67650
6180 67695
6180 67725
6165 67785
6150 67860
6135 67935
6120 68010
6105 68070
6090 68145
6075 68205
6060 68250
6060 68280

9945 67860
9930 67890
9945 67935
9960 67965
9960 67995
9975 68040
9990 68085
10005 68130

5835 63570
5775 63600
5730 63630
5700 63645
5670 63675
5685 63705
5745 63705
5820 63705
5880 63690
5940 63690
6000 63675
6075 63645
6150 63630
6210 63615
6285 63585
6360 63570
6435 63540
6495 63525
6555 63495
6615 63480
6645 63465
6690 63450
6720 63435
6750 63420

7515 63990
7470 64005
7425 64035
7395 64050
7380 64095
7350 64140
7320 64200
7290 64260
7275 64335
7245 64410
7215 64485
7200 64560
7170 64650
7140 64725
7125 64800
7110 64860
7080 64920
7065 64965

12000 63765
11970 63765
11985 63750
11940 63750
11955 63780
11970 63840
11985 63885
11985 63945
11985 63990
12000 64050
12000 64110
12000 64155
12000 64215
12015 64260
12015 64290
12030 64335
12030 64380
12030 64335
12030 64260
12030 64200
12015 64140
12015 64065
12015 64005
12015 63945
12015 63885
12015 63825
12015 63765
12015 63720
12030 63690
12030 63630
12015 63690
12015 63735
12015 63810
12045 63615
12060 63465
12060 63345
12075 63255
12075 63195
12075 63135
12075 63105
12075 63045
12060 63075
12030 63165
12000 63315
11970 63480
11925 63705
11880 63975
11835 64245
11790 64545
11760 64830
11745 65100
11730 65355
11730 65610
11730 65835
11730 66045
11730 66255
11730 66465
11745 66675
11760 66870
11775 67035
11790 67170
11805 67290
11820 67410
11850 67500
11865 67560
11880 67620
11895 67560
11910 67485
11925 67425
11940 67380
11955 67350
11970 67320
11985 67275
12000 67320
12000 67380

15585 64245
15525 64245
15480 64260
15435 64290
15405 64305
15375 64350
15375 64380
15420 64425
15405 64470
15390 64515
15375 64560
15345 64605
15375 64635
15345 64695
15375 64740
15375 64800
15345 64845
15330 64920
15285 64980
15300 65055
15270 65130
15285 65220
15270 65295
15225 65385
15180 65460
15120 65535
15120 65610
15075 65670
15105 65730
15075 65805
15075 65850
15060 65895
15045 65925
15030 65955
15015 65970
14970 65985
14940 65985
14895 65985
14835 65970
14775 65955
14715 65940
14685 65925
14625 65910
14580 65880
14550 65865
14520 65850
14505 65835
14505 65790
14520 65760
14535 65730
14565 65715
14610 65685
14670 65655
14715 65640
14745 65625
14790 65625
14820 65610
14850 65610
14895 65595
14940 65595
15000 65595
15045 65595
15120 65610
15165 65610
15195 65625
15240 65625
15270 65640
15300 65655
15345 65655
15405 65670
15450 65700
15495 65715
15540 65730
15585 65745
15630 65775

18360 64200
18330 64170
18300 64185
18300 64275
18315 64350
18330 64440
18345 64545
18345 64665
18360 64800
18375 64920
18375 65070
18390 65205
18405 65325
18405 65445
18420 65550
18420 65670
18420 65760
18435 65850
18435 65925
18435 66000
18435 66045
18435 66090
18435 66165
18705 66180

20730 65445
20775 65445
20820 65430
20850 65415
20880 65385
20895 65355
20910 65325
20925 65295
20925 65265
20895 65235
20865 65205
20835 65160
20805 65145
20775 65115
20745 65070
20700 65040
20670 64980

20790 64740
20760 64725
20730 64725
20700 64755
20670 64800
20640 64860
20625 64950
20625 65055
20640 65175
20670 65295
20730 65415
20805 65520
20880 65610
20970 65700
21060 65760
21150 65820
21240 65850
21330 65865
21405 65865
21495 65850
21585 65820
21645 65790

6090 70545
6075 70515
6060 70485
6075 70440
6105 70395
6150 70365
6195 70335
6270 70305
6345 70260
6435 70230
6525 70200
6615 70170
6720 70155
6810 70140
6885 70140
6960 70155
7020 70170
7080 70200
7110 70230
7140 70260
7170 70305
7200 70350
7215 70410
7230 70455
7245 70530
7260 70590
7275 70650
7275 70740
7290 70815
7305 70890
7320 70980
7320 71055
7335 71130
7335 71190
7350 71250
7350 71295
7350 71340
7350 71400

6735 70215
6720 70260
6720 70290
6705 70335
6720 70380
6735 70410
6735 70440
6750 70485
6780 70515
6795 70545
6810 70590
6840 70620
6855 70665
6885 70710
6900 70755
6930 70800
6945 70845
6975 70890
6990 70935
7005 70980
7035 71010
7050 71055
7065 71100
7080 71145
7095 71190
7110 71235
7125 71265
7140 71310
7155 71355
7170 71385
7155 71415
7110 71400
7095 71385
7065 71355

6585 71100
6555 71130
6585 71115
6630 71100
6675 71085
6705 71055
6750 71040
6795 71025
6825 71010
6855 70995
6885 70980
6930 70965
6975 70980

8520 70545
8520 70500
8520 70560
8535 70620
8535 70665
8535 70695
8550 70725
8565 70770
8565 70800
8580 70845
8595 70875
8625 70920
8640 70950
8670 70980
8715 70995

10020 70065
9975 70050
9945 70065
9930 70080
9915 70125
9930 70170
9930 70230
9930 70290
9885 70410
9855 70500
9810 70620
9765 70710
9720 70830
9690 70920
9660 71010
9630 71085
9600 71145
9585 71190
9570 71220
9555 71250
9540 71280
9525 71265
9510 71235

9600 70095
9585 70125
9600 70155
9645 70140
9705 70140
9735 70125
9780 70125
9810 70125
9855 70110
9885 70110
9930 70095
9975 70095
10020 70095
10050 70080
10080 70080
10155 70065
10200 70065
10260 70050
10290 70050
10335 70050

9750 70980
9780 70935
9810 70890
9825 70845
9855 70815
9885 70785
9915 70755
9945 70725
9975 70695
10005 70680
10020 70665
10050 70650
10080 70650
10140 70635
10185 70650
10200 70680
10215 70710
10215 70755
10200 70785
10170 70815
10140 70830
10095 70815
10065 70800
10050 70755
10035 70695
10035 70650
10035 70605
10020 70665
10005 70725
9990 70755
9975 70815
9975 70860
9990 70875

9780 71445
9720 71445
9780 71430
9840 71430
9885 71430
9945 71430
9990 71415
10020 71415
10065 71415
10125 71415
10170 71415

11640 70470
11640 70500
11610 70560
11595 70605
11595 70650
11580 70695
11565 70740
11550 70800
11535 70845
11520 70890
11505 70935
11490 70980
11475 71010
11475 71055
11490 71010

12510 71010
12405 71010
12315 71010
12255 70995
12195 70995
12165 70995
12120 70980
12180 70920
12240 70890
12300 70845
12390 70800
12495 70740
12600 70680
12705 70635
12810 70575
12915 70530
13020 70485
13110 70455
13185 70425
13260 70395
13335 70380
13380 70365
13425 70350
13470 70350
13515 70335
13545 70365
13515 70425
13500 70455
13455 70515
13425 70560

13410 70740
13470 70725
13545 70725
13590 70710
13650 70710
13695 70710
13725 70725
13770 70725
13845 70725
13785 70740

13770 70665
13755 70635
13755 70590
13815 70560
13935 70530
13995 70515
14055 70485
14130 70470
14160 70455
14265 70440
14355 70410
14400 70395
14445 70380
14490 70365
14535 70365
14580 70365
14580 70395
14580 70440
14565 70485

15465 70350
15420 70350
15375 70350
15330 70365
15285 70380
15240 70410
15210 70425
15180 70455
15165 70485
15135 70500
15120 70530
15105 70560
15090 70590
15075 70620
15060 70665
15045 70725
15045 70785
15030 70830
15045 70860
15060 70890
15075 70935
15105 70950
15150 70950

15510 70170
15480 70140

15210 70755
15180 70785
15180 70815
15210 70815
15240 70800
15300 70785
15360 70755
15375 70710
15405 70680
15480 70635
15600 70605
15630 70590
15660 70575
15750 70560
15795 70560
15885 70575
15855 70575

15615 70680
15570 70710
15525 70740
15510 70770
15495 70830
15495 70875
15495 70920
15480 70980
15480 71040
15480 71115
15480 71175
15480 71250
15480 71325
15480 71400
15480 71475
15495 71550
15495 71610
15495 71670
15495 71730
15495 71775
15510 71835
15510 71805
15510 71760
15510 71700

16500 69870
16515 69810
16515 69765
16515 69720
16500 69795
16470 69855
16455 69945
16425 70035
16380 70170
16335 70305
16305 70440
16260 70575
16230 70710
16200 70830
16170 70935
16140 71040
16125 71115
16110 71175
16095 71220
16095 71265
16080 71220
16080 71175
16080 71100
16095 71070
16110 71010
16140 70965
16155 70920
16185 70860
16215 70815
16260 70740
16305 70665
16365 70590
16425 70515
16485 70440
16545 70365
16620 70305
16695 70245
16770 70200
16860 70155
16935 70125
17010 70095
17085 70065
17160 70035
17235 70020
17325 70020
17370 70050
17400 70080
17445 70125
17475 70185
17505 70275
17535 70365
17565 70470
17595 70575
17610 70680
17625 70785
17640 70890
17640 70980
17655 71070
17655 71145
17655 71220
17655 71265
17670 71295

16800 70320
16770 70305
16785 70260
16845 70245
16980 70230
17055 70215
17145 70215
17220 70215
17280 70215
17325 70215
17355 70230
17385 70275
17400 70335
17385 70395
17370 70485
17325 70590
17280 70725
17220 70875
17145 71025
17070 71175
16995 71310
16935 71445
16875 71580
16830 71700
16800 71805
16755 71910
16725 72000
16695 72090
16680 72165
16650 72240
16635 72300
16605 72345
16590 72375

17625 70320
17640 70290
17625 70335
17610 70380
17595 70410
17580 70455
17550 70500
17535 70545
17505 70575
17490 70605
17460 70620
17430 70635

17655 70920
17595 70920
17535 70920
17520 70965
17520 71010
17535 71055
17535 71085
17535 71130
17550 71175
17550 71235
17565 71295
17565 71355
17565 71415
17565 71460
17565 71505
17550 71580