3075 36165
3045 36195
3015 36210
2970 36225
2925 36240
2955 36225
2985 36195
3030 36180
3090 36150
3150 36120
3210 36075
3270 36045
3330 36030
3375 36015
3420 36000
3450 36030
3435 36105
3420 36165
3390 36240
3360 36300
3345 36345
3315 36390
3285 36420
3255 36465
3210 36495
3180 36525
3150 36555
3120 36570
3075 36600
3120 36585
3165 36600
3225 36615
3255 36630
3300 36660
3315 36690
3345 36720
3375 36750
3390 36780
3405 36810
3450 36825
3480 36840
3525 36855
3540 36870
3540 36915
3540 36975
3540 37020
3525 37080
3525 37125
3525 37185
3525 37245
3525 37275
3525 37320
3495 37335
3450 37320
3405 37290
3360 37275
3330 37260
3285 37230
3225 37215
3180 37185
3135 37170
3090 37140
3045 37125
3015 37110
2970 37080
2940 37050
2940 37020
2925 36975
2940 36930
2955 36885

3510 36180
3495 36210
3465 36255
3450 36300
3420 36375
3405 36435
3375 36525
3345 36585
3315 36675
3285 36750
3255 36810
3225 36870
3210 36915
3195 36945
3165 36975
3195 36930
3225 36900
3240 36870
3270 36840
3300 36825
3330 36810
3375 36795
3405 36795
3435 36825
3480 36870
3495 36885
3510 36915
3540 36960
3570 36990
3585 37020
3615 37020
3660 37035
3705 37035
3735 37035
3780 37005
3810 36975
3825 36945
3855 36915
3885 36885
3900 36855
3915 36825
3930 36780
3930 36750

3495 36720
3495 36675
3510 36645
3525 36615
3555 36585
3585 36555
3615 36525
3630 36510
3675 36480
3705 36510
3720 36480

3300 36210
3300 36255
3315 36315
3345 36390
3360 36420
3375 36480
3405 36540
3450 36600
3480 36675
3540 36750
3585 36810
3630 36870
3675 36930
3705 36975
3735 37020
3765 37050
3795 37065
3825 37095
3855 37095
3870 37050
3810 37005
3825 36945

3750 36600
3705 36615
3675 36645
3660 36660
3630 36705
3615 36735
3585 36795
3570 36840
3555 36885
3540 36945
3525 37005
3510 37050
3495 37110
3495 37155
3480 37200
3480 37260
3495 37290

4350 36105
4380 36060
4425 36030
4470 36015
4500 36000
4530 35985
4560 35985
4605 35955
4635 35940
4605 35970
4590 36000
4575 36045
4560 36105
4545 36165
4560 36225
4575 36270
4590 36315
4620 36330
4665 36315
4695 36300
4725 36285
4740 36255
4710 36240
4680 36255
4650 36285
4635 36300
4620 36330
4605 36360
4590 36390
4590 36435
4605 36480
4635 36510
4665 36510
4710 36510
4770 36495
4845 36675
4935 36525

4515 36390
4530 36330
4515 36375
4515 36405
4500 36450
4485 36495
4470 36540
4455 36585
4425 36630
4410 36660
4395 36690
4380 36675
4380 36615
4395 36570
4410 36540
4425 36495
4455 36450
4485 36420
4515 36390
4560 36360
4590 36360
4635 36360
4665 36360
4695 36375
4725 36390
4740 36405
4755 36435
4770 36465
4785 36495
4785 36525
4800 36585
4800 36630

4395 36105
4380 36060
4425 36105
4440 36150
4455 36210
4470 36270
4485 36345
4500 36435
4515 36510
4530 36600
4545 36690
4545 36765
4545 36855
4560 36930
4560 36990
4545 37050
4545 37110
4545 37140
4545 37200
4545 37155
4545 37110
4545 37035
4530 36960

4575 36480
4620 36540
4650 36555
4680 36585
4710 36600
4740 36600

5100 36255
5115 36225
5145 36210
5190 36225
5220 36225
5280 36225

4950 36375
4980 36345
5010 36315
5040 36300
5085 36300
5160 36300
5220 36315
5250 36330
5265 36345
5310 36390
5340 36435
5355 36480
5370 36510
5355 36480
5325 36450
5280 36435
5220 36435
5175 36435
5130 36465
5115 36495
5115 36540
5145 36570
5175 36585
5205 36600
5265 36615
5310 36615
5355 36600
5400 36585
5445 36570
5490 36555
5535 36525

5025 36540
4995 36570
4965 36600
4935 36615
4980 36615
5010 36600
5055 36585
5100 36570
5145 36555
5190 36555
5250 36540

5940 36210
5970 36225
6000 36240
6045 36255
6090 36285
6135 36315
6165 36345
6180 36375
6195 36420
6180 36450
6165 36480
6135 36510
6090 36540
6030 36540
6000 36510

5955 36240
5970 36270
5985 36300
5985 36330
6000 36375
6000 36420
6015 36450
6015 36495
6030 36540
6030 36585
6045 36630
6045 36675
6045 36720
6045 36675

6465 36420
6420 36420
6435 36390
6465 36360
6510 36330
6555 36315
6585 36300
6630 36285
6675 36270
6720 36285
6735 36315
6720 36360
6705 36390
6690 36435
6675 36465
6660 36495
6645 36540
6630 36570
6645 36615
6675 36630
6705 36645
6750 36675
6780 36705
6810 36735
6840 36780
6840 36825
6840 36870
6825 36900
6810 36915
6765 36915
6750 36885
6765 36855
6810 36825
6870 36810
6915 36795

6765 36375
6720 36390
6705 36420
6690 36450
6690 36495
6675 36525
6660 36570

7110 36345
7065 36345
7035 36360
7005 36375
6990 36420
6960 36465
6960 36510
6960 36555
6975 36600
6990 36630
7035 36630
7080 36630
7125 36600
7155 36585
7185 36570
7200 36540
7230 36525
7245 36495
7260 36465
7275 36435
7290 36375
7275 36330
7245 36285
7215 36270
7170 36270
7125 36270
7080 36285
7050 36270

7425 36225
7395 36195
7380 36165
7380 36210
7380 36270
7380 36330
7380 36360
7380 36405
7395 36435
7425 36465
7455 36480
7500 36495
7545 36480
7560 36450
7590 36420
7605 36390
7620 36360

7755 36480
7725 36465
7710 36420
7725 36405
7770 36375
7815 36360
7845 36345
7905 36330
7950 36330

3825 38115
3765 38115
3720 38130
3750 38160
3780 38190
3795 38220
3825 38235
3855 38265
3885 38280
3915 38295
3945 38295
4005 38355
4020 38310

3570 38340
3570 38310
3555 38340
3540 38385
3540 38445
3525 38520
3525 38595
3525 38670
3525 38745
3525 38805
3525 38865
3540 38910
3555 38955
3570 38970
3615 38925
3645 38895
3675 38850
3720 38790
3750 38730
3780 38655
3810 38610
3840 38565
3855 38550
3870 38580
3870 38625
3870 38670
3870 38730
3870 38775
3870 38820
3885 38865
3900 38895
3945 38895
3990 38850
4035 38820
4065 38775
4110 38715
4155 38655
4200 38610
4245 38565
4275 38550
4320 38550
4335 38580
4350 38610
4365 38655
4365 38715
4365 38760
4365 38820
4380 38865
4395 38910

4230 38385
4215 38355
4245 38355
4275 38325
4305 38310
4320 38355
4275 38355
4305 38370
4350 38340

4470 38265
4485 38295
4485 38325
4500 38370
4500 38415
4500 38475
4500 38520
4515 38565
4515 38610
4500 38640

4500 38625
4530 38595
4560 38580
4605 38550
4635 38535
4665 38505
4710 38475
4740 38460
4770 38430
4785 38400
4815 38370
4830 38355
4860 38310
4845 38280
4815 38295
4785 38310
4755 38355
4725 38400
4725 38445
4740 38475
4755 38505
4785 38520
4815 38535
4860 38535

5175 38265
5160 38280
5160 38325
5175 38370
5175 38400

5370 38340
5355 38370
5325 38400
5295 38430
5280 38460
5265 38490
5265 38535
5280 38580
5325 38580
5355 38550
5370 38520
5385 38475
5385 38445
5385 38400
5370 38385
5340 38370
5295 38385

5430 38760
5400 38745
5415 38715
5460 38700

6330 38175
6300 38205
6315 38250
6315 38295
6315 38325

6270 38340
6315 38340
6360 38340
6405 38355
6435 38370
6450 38400
6450 38445
6435 38475
6405 38520
6390 38550
6360 38580

6195 38310
6195 38355
6180 38400
6165 38430
6135 38475
6120 38520
6090 38565
6075 38610
6045 38655
6015 38685
6000 38715
5985 38745
5955 38775
5985 38745
6015 38745
6060 38760
6120 38760
6180 38775
6210 38790
6240 38790
6285 38805
6330 38820
6375 38820

6750 38385
6765 38430
6765 38475
6765 38535
6780 38580
6780 38640
6780 38685
6780 38730
6780 38685
6780 38640
6765 38595
6765 38550
6765 38490
6780 38460
6795 38430
6825 38400
6855 38385
6885 38385
6930 38370
6960 38385
6960 38430

3225 39870
3135 39900
3075 39915
3030 39930
3075 39900
3120 39870
3180 39840
3240 39810
3300 39780
3375 39750
3435 39720
3495 39690
3555 39675
3600 39660
3645 39645
3690 39645
3750 39645
3810 39660
3840 39675
3855 39690
3885 39720
3915 39735
3930 39765
3960 39810
3975 39855
4005 39885
4020 39930
4035 39990
4035 40035
4050 40080
4050 40125
4050 40170
4050 40230
4050 40260
4050 40305
4035 40350
4035 40380
4005 40425
3990 40455
3975 40485
3945 40515
3915 40545
3840 40515
3810 40500

4005 39600
4005 39660
4020 39690
4020 39750
4005 39810
4005 39885
4005 39975
4005 40065
3990 40155
3990 40245
3990 40335
4005 40425
4020 40485
3960 40545
4020 40575

4260 40020
4215 40020
4170 40035
4200 40050
4245 40050
4290 40050
4335 40050
4380 40050
4425 40050
4440 40005
4440 39975
4440 39930
4440 39900
4425 39870
4410 39840
4380 39810
4350 39825
4335 39870
4335 39900
4320 39945
4305 39990
4305 40035
4290 40065
4260 40110
4245 40155
4230 40200
4200 40260
4185 40305
4170 40350
4155 40380
4140 40410
4125 40440
4110 40485
4140 40470
4170 40425
4200 40395
4215 40365
4245 40350
4275 40305
4320 40275

4230 40110
4245 40080
4260 40050
4305 40050
4350 40050
4380 40095

4050 40020
4080 40005
4140 39990
4170 39975
4215 39975
4260 39960
4290 39960
4335 39945
4395 39945
4440 39960
4425 40020
4410 40065
4395 40095
4380 40140
4365 40185
4365 40230
4350 40260
4335 40305
4335 40335
4335 40410
4365 40470
4395 40515
4425 40530
4470 40560
4530 40560
4575 40560
4485 40545
4575 40515

5790 40110
5745 40140
5715 40155
5685 40170
5655 40185
5625 40215
5580 40230
5550 40260
5520 40275
5490 40290

6000 39765
6030 39735
6105 39735
6150 39735
6180 39720
6240 39720
6285 39735
6285 39765
6270 39780
6240 39975
6240 39885

6180 40005
6165 39960
6165 39930
6210 39900
6255 39870
6315 39870
6360 39855
6375 39885
6345 39915
6315 39945
6285 39975
6255 39990
6225 40020
6255 40005
6285 39990
6330 39975
6360 39975
6420 39960
6450 39960
6465 40005
6435 40050
6420 40080
6375 40110
6345 40155
6330 40185
6300 40200
6270 40230
6285 40260
6315 40275
6375 40260
6420 40260
6465 40275

6780 40020

7050 39870
7050 39900
7050 39945
7050 39990

7065 39825
7065 39855
7065 39900
7065 39960
7035 40020
7020 40065
6990 40110
6960 40125
6915 40110
6900 40080
6915 40020
6945 39975
6975 39945
7005 39915
7050 39900
7110 39900
7155 39900
7185 39900
7230 39915
7260 39930
7275 39960
7305 39990
7320 40005
7335 40035
7350 40095
7350 40140
7320 40170

7155 40230
7110 40215
7080 40215
7050 40230
7080 40275
7110 40305
7155 40320

8820 39420
8790 39420
8760 39450
8760 39495
8760 39570
8760 39615
8760 39660
8760 39705
8760 39750
8760 39795
8760 39855
8760 39900
8760 39960
8760 40020
8760 40065
8775 40110
8760 40170

9075 39450
9075 39510
9075 39570
9090 39645
9090 39705
9090 39795
9090 39870
9090 39960
9105 40020
9105 40095
9105 40140
9105 40185
9090 40215
9060 40185
9030 40155
9015 40065
8985 39990
8985 39885
8985 39795
9000 39675
9015 39600
9030 39510
9060 39465
9120 39435
9165 39405
9225 39420
9285 39435
9360 39495
9420 39540
9465 39585
9525 39645
9570 39705
9615 39765
9600 39825
9570 39870
9540 39930
9495 39975
9465 40020
9420 40065
9375 40095
9330 40125
9300 40140
9240 40125
9210 40095
9210 40035
9210 39975
9210 39915
9210 39855
9225 39825
9240 39795
9255 39750
9285 39720
9315 39690
9330 39660
9360 39645
9375 39615
9405 39600
9420 39570
9450 39555
9480 39540
9525 39540
9555 39540
9600 39525
9645 39525
9690 39525
9705 39555
9720 39585
9735 39630
9750 39660
9765 39720
9780 39780
9780 39825
9780 39870
9780 39915
9780 39945