19905 75645
19890 75615
19890 75690
19875 75735
19875 75795
19875 75870
19875 75945
19890 76005
19890 76080
19905 76155
19905 76215
19920 76275
19935 76320
19950 76350
19965 76380
20010 76365
20025 76320

12195 73935
12165 73935
12150 73980
12150 74040
12150 74085
12150 74160
12150 74205
12150 74250
12150 74295
12150 74325
12150 74400
12150 74445

13125 75690
13095 75750
13035 75885
12975 75975
12945 76140
12900 76245
12855 76395
12810 76515
12840 76620
12870 76710
12915 76800
12960 76845
13005 76875
13080 76815
13095 76770
13110 76695
13110 76620
13170 76560
13185 76515
13215 76560
13230 76620
13230 76665
13245 76755
13245 76830
13245 76890
13245 76935

6435 58785
6450 58740
6450 58710
6465 58680
6480 58650
6510 58620
6540 58605
6570 58590
6600 58575
6645 58560
6675 58560
6705 58545
6750 58545
6810 58530
6855 58530
6915 58530
6945 58545
6975 58575
6990 58620
6990 58665
7005 58695
7005 58755
7020 58815
7020 58890
7035 58965
7035 59040
7050 59130
7050 59205
7050 59280
7050 59355
7065 59430
7065 59490
7065 59565
7065 59610
7080 59655
7080 59715
7080 59760
7065 59730
7035 59670

8655 57930
8625 57915
8595 57885
8595 57840
8610 57795
8625 57750
8640 57690
8655 57660
8685 57615
8700 57555
8745 57495
8775 57420
8820 57360
8865 57300
8910 57225
8970 57165
9030 57105
9105 57030
9165 56970
9240 56910
9330 56850
9405 56790
9495 56730
9570 56685
9660 56640
9750 56595
9825 56565
9915 56550
10005 56535
10095 56535
10170 56535
10260 56550
10335 56580
10380 56595
10425 56610
10470 56625
10500 56655
10530 56700
10545 56730
10545 56775
10545 56835
10530 56895
10500 56970
10455 57030
10410 57090
10335 57150
10260 57195
10215 57210
10170 57210
10125 57210
10080 57210
10020 57210
9975 57210
9930 57195
9885 57180
9855 57165
9825 57150
9795 57135
9780 57120
9750 57105
9720 57075
9705 57045
9675 57015
9660 56985
9645 56955
9630 56910
9645 56865

9630 58620
9630 58665
9630 58710
9645 58755
9645 58800
9645 58845
9660 58905
9660 58965
9660 59025
9660 59085
9660 59145
9675 59205
9675 59250
9690 59280
9705 59325
9735 59295

9510 59040
9510 58995
9540 58965
9570 58950
9600 58935
9630 58920
9675 58905
9720 58890
9765 58890
9825 58875
9885 58860
9930 58845
9990 58845
10050 58830
10095 58830
10155 58815
10200 58815
10245 58815
10320 58815
10350 58800

11100 58125
11130 58080
11160 58035
11190 58005
11205 57960
11220 57930
11205 57975
11205 58005
11190 58065
11190 58095
11190 58140
11190 58185
11190 58245
11190 58320
11190 58395
11190 58485
11175 58575
11175 58680
11175 58785
11175 58875
11160 58965
11160 59055
11160 59145
11145 59235
11145 59310
11145 59400
11145 59475
11145 59550
11145 59625
11145 59685
11145 59745
11160 59790
11160 59850
11160 59895
11160 59940
11160 59985
11160 60030
11160 60120

12210 58575
12150 58605
12135 58635
12120 58680
12090 58725
12060 58785
12030 58845
12000 58905
11970 58950
11955 59010
11925 59055
11895 59100
11865 59130
11850 59160
11835 59190
11805 59235
11790 59250
11790 59385
11805 59295

12450 58650
12495 58665
12525 58680
12570 58680
12615 58680
12675 58680
12720 58680
12780 58680
12825 58665
12870 58665
12900 58665
12945 58650
12990 58650
13020 58665
13035 58710
13050 58755
13065 58800
13080 58845
13080 58890
13095 58935
13110 58980
13110 59025
13125 59070
13125 59100
13140 59160
13140 59190

15270 58395
15315 58380
15345 58395
15375 58425
15405 58455
15435 58485
15495 58530
15540 58560
15600 58605
15675 58635
15750 58665
15810 58695
15885 58725
15945 58740
15990 58755
16035 58770
16080 58770

15300 59850
15315 59805
15330 59775
15345 59730
15375 59700
15405 59655
15435 59625
15480 59595
15525 59565
15555 59535
15600 59520
15645 59505
15690 59490
15735 59475
15780 59475
15825 59490
15870 59490
15930 59505
15975 59535
16035 59565
16095 59595
16140 59655
16200 59700
16260 59760
16335 59835
16395 59910
16455 59985
16500 60075
16560 60150
16605 60240
16650 60345
16680 60435
16710 60525
16740 60615
16770 60705
16785 60795
16800 60870
16815 60930
16815 60990
16830 61035
16830 61080
16830 61125
16830 61155
16800 61200
16770 61185
16740 61155

18090 57000
18120 57015
18165 57030
18210 57045
18240 57060
18255 57090
18225 57195
18225 57165

18540 58680
18540 58725
18525 58785
18510 58815
18495 58860
18465 58890
18450 58935
18405 58995
18360 59055
18315 59100
18270 59160
18210 59220
18150 59280
18090 59340
18045 59385
17985 59430

16680 60240
16635 60255
16590 60285
16620 60270
16665 60255
16710 60240
16770 60210
16815 60195
16845 60195
16890 60180
16950 60150
16995 60135
17055 60120
17115 60105
17190 60075
17250 60060
17310 60030
17385 60000
17445 59970
17520 59955
17580 59820
17745 59580
17895 59385
18090 59160
18255 58980
18390 58770
18525 58605
18600 58470
18690 58365
18780 58290
18825 58230
18870 58200
18900 58170
18960 58200
18975 58260
18975 58320
18990 58410
18990 58500
18990 58590
18990 58680
19020 58650
19035 58605
19065 58575
19080 58545
19095 58515
19125 58485
19140 58470
19170 58425
19185 58395
19200 58380
19230 58350
19260 58320
19275 58290
19305 58275
19335 58245
19365 58215
19395 58200
19425 58170
19455 58155
19470 58140
19500 58125
19530 58110
19560 58080
19590 58065
19620 58050
19650 58035
19680 58020
19710 57990
19740 57975
19770 57960
19815 57945
19845 57915

19740 56940
19785 56940
19830 56955
19875 56955
19920 56955

19680 58800
19710 58770
19725 58755
19815 58710
19860 58695
19905 58710
19950 58725
19995 58725
20040 58725
20085 58725
20115 58710
20175 58710
20205 58695
20265 58680
20295 58680
20340 58665

19560 60135
19560 60165
19590 60180
19620 60165
19665 60165
19725 60150
19800 60135
19875 60105
19965 60090
20025 60075
20100 60060
20160 60045
20220 60030
20250 60030
20295 60030
20250 60060
20205 60060
20175 60075
20145 60090
20115 60105
20085 60135
20055 60180
20055 60240
20070 60300
20070 60345
20085 60375
20085 60405
20085 60450
20085 60510
20070 60540

6585 66315
6555 66330
6510 66345
6525 66390
6555 66405
6585 66420
6600 66435
6630 66450

7080 67935
7080 67980
7095 68010
7110 68055
7125 68100
7140 68130
7140 68160
7170 68205
7170 68235

8760 66210
8790 66225
8790 66270
8775 66330
8760 66345
8745 66375
8715 66405
8700 66420
8655 66435
8625 66420
8640 66390
8655 66375
8700 66360
8745 66345
8775 66360
8805 66390
8820 66435
8790 66480
8775 66510
8760 66525
8730 66555
8715 66570
8685 66600
8655 66615
8670 66585
8715 66555
8745 66540
8790 66525
8820 66540
8835 66570
8835 66615
8850 66645
8895 66630
8925 66600
8955 66585
8985 66555
9030 66525
9060 66495

10020 66180
9990 66180
9930 66195
9990 66180
10035 66180
10065 66165
10110 66150
10155 66150
10200 66135
10230 66165
10200 66210
10170 66240
10155 66270
10125 66300
10095 66330
10065 66360
10050 66375
10035 66405
10005 66435
10065 66435
10080 66420
10125 66405

10620 65970
10590 65985
10590 66030
10590 66060
10590 66120
10590 66165
10605 66225
10605 66285
10605 66360
10605 66390
10605 66435
10620 66465
10620 66510
10620 66555
10620 66585
10620 66630
10620 66675
10635 66720
10635 66750
10665 66735

11490 66045
11460 66090
11430 66120
11415 66150
11400 66195
11340 66225
11310 66240
11265 66240
11250 66195
11250 66165
11265 66120
11265 66075
11280 66015

12750 65730
12735 65700
12690 65700
12645 65700
12585 65715
12555 65730
12525 65730
12495 65745
12465 65760
12420 65775
12390 65790
12360 65820
12330 65835
12285 65865
12255 65880
12240 65895
12255 65940
12300 65970
12330 65985
12375 66015
12420 66030
12450 66060
12495 66075
12540 66090
12585 66105
12615 66120
12660 66150
12690 66165
12735 66150

13290 66210
13245 66210
13200 66210
13155 66210
13095 66210
13050 66210
12990 66225
12945 66225
12885 66240
12840 66255
12810 66255
12750 66270
12810 66270
12840 66285
12870 66285
12915 66300
12945 66315
12975 66330
13020 66345
13050 66375
13080 66405
13095 66435
13095 66480
13080 66510
13065 66525
13020 66540
12990 66525
12945 66495

14505 65820
14490 65790
14475 65760
14445 65745
14415 65775
14400 65835
14400 65895
14385 65940
14385 66015
14370 66075
14355 66180
14340 66270
14340 66375
14325 66480
14310 66600
14310 66720
14295 66840
14295 66960
14280 67095
14280 67215
14265 67365
14265 67470
14250 67620
14250 67740
14250 67875
14250 67980
14250 68130
14250 68250
14250 68385
14250 68475
14250 68610
14250 68715
14235 68805
14250 68835
14220 68835
14175 68820
14115 68820
14055 68820
14010 68805
13980 68820
13935 68820
13875 68820
13830 68820
13785 68835
13740 68835
13680 68850
13635 68865
13590 68865
13530 68880
13485 68895
13440 68910
13395 68940
13350 68955
13290 68970
13245 69000
13185 69030
13125 69060
13050 69090
12990 69120
12930 69150
12870 69195
12810 69225
12750 69255
12705 69300
12660 69330
12630 69375
12600 69390
12555 69405
12525 69405
12480 69405
12435 69420
12390 69420
12360 69435
12315 69435
12270 69435

17460 65730
17445 65715
17400 65700
17370 65685
17370 65640
17430 65610
17460 65580
17505 65550
17565 65520
17640 65505
17715 65490
17775 65490
17835 65490
17895 65490
17955 65505
18000 65520
18045 65550
18090 65580
18120 65610
18150 65640
18165 65685
18180 65715
18180 65760
18180 65790
18180 65835
18210 65835
18255 65820
18300 65820
18315 65850
18315 65895
18315 65940
18315 65985
18315 66045
18315 66090
18315 66150
18300 66195
18300 66255
18285 66315
18300 66375
18270 66435
18255 66465
18225 66510
18180 66555
18135 66600
18075 66645
18015 66690
17955 66720
17895 66765
17820 66795
17760 66810

19380 63975
19380 63930
19365 63900
19365 63825
19365 63795
19350 63855
19335 63900
19335 63960
19320 64020
19320 64095
19305 64185
19290 64275
19275 64350
19275 64425
19260 64500
19260 64560
19260 64605
19260 64665
19260 64710
19305 64695
19335 64665
19365 64650
19395 64635
19425 64620
19470 64590
19500 64560
19560 64530
19620 64485
19680 64455
19725 64425
19785 64395
19815 64365
19860 64320

19305 66375
19260 66390
19275 66375
19305 66360
19350 66345
19410 66315
19470 66300
19545 66285
19620 66270
19710 66255
19785 66240
19845 66225
19920 66210
19980 66195
20025 66195
20070 66180
20115 66165
20160 66165

19770 68220
19755 68175
19740 68145