8535 45675
8565 45690
8565 45750
8580 45795
8595 45840
8595 45870
8640 45840
8670 45810
8700 45780
8745 45750
8760 45735
8805 45735
8835 45750
8865 45765
8895 45780
8910 45810
8910 45855
8910 45900
8925 45945

9255 45840
9225 45855
9210 45870
9180 45885
9210 45855
9240 45840
9270 45825
9300 45795
9330 45780
9360 45765
9390 45750
9420 45735
9450 45720
9495 45720
9540 45705
9525 45750
9525 45780

10185 45825
10155 45840
10215 45840
10245 45840
10290 45840
10335 45840

10800 45405
10815 45465
10830 45480
10845 45510
10875 45525
10905 45540
10935 45555

11100 46245
11160 46245
11205 46245
11250 46230
11280 46230
11325 46230
11370 46215
11415 46215
11460 46200
11505 46200
11550 46185
11595 46170
11655 46170
11685 46155
11730 46155
11760 46140
11805 46125
11850 46125

11820 45585
11835 45540
11850 45510
11895 45495
11925 45495
11970 45480
12000 45480
12045 45465
12090 45465
12135 45465
12180 45465
12240 45465
12300 45465
12345 45465
12405 45465
12465 45465
12510 45465
12555 45465
12615 45465
12645 45465

12690 45615
12720 45585
12780 45615
12795 45630
12825 45660
12855 45705
12885 45750
12900 45810
12915 45870
12945 45945
12945 46005
12960 46065
12960 46125
12960 46185
12960 46245
12945 46290
12930 46320
12915 46335
12855 46350
12825 46335
12780 46455
12720 46305

14130 47340
14100 47370
14070 47385
13995 47400
13935 47400
13890 47400
13845 47385
13800 47385
13755 47385
13710 47385
13650 47370
13605 47370
13560 47355
13500 47340
13455 47325
13425 47310
13395 47295
13365 47265
13320 47250
13290 47235
13245 47190
13200 47160
13155 47130
13110 47100
13065 47055
13005 47010
12960 46965
12915 46920
12870 46875
12810 46815
12780 46770
12735 46710
12705 46665
12675 46650
12630 46620
12600 46590
12570 46560
12555 46530
12525 46500
12510 46455
12495 46425
12465 46395
12450 46350
12435 46290
12420 46245
12405 46185
12375 46140
12360 46095
12345 46035
12330 45990
12330 45945
12315 45900
12315 45855
12315 45810
12315 45765
12315 45705
12315 45660
12330 45615
12345 45570
12360 45525
12390 45480
12405 45435
12435 45390
12450 45345
12480 45300
12510 45270
12510 45240
12510 45195
12510 45135
12525 45060
12525 44985
12540 44895
12555 44805
12555 44730
12570 44655

13950 45960
13920 45990
14175 45990
14085 45990

8370 48750
8400 48720

9150 47910
9105 47910
9060 47925
9045 47955
9045 47985
9030 48030
9015 48090
9015 48165
9000 48240
8985 48330
8970 48405
8970 48495
8970 48570
8970 48660
8985 48735
8985 48795
9000 48870
9015 48930
9015 48975
9030 49020
9060 49050
9090 49065

9165 48165
9165 48120
9180 48090
9210 48075
9255 48090
9300 48090
9330 48105
9375 48120
9405 48135
9435 48150
9465 48180
9480 48225
9465 48285
9435 48315
9420 48330
9390 48360
9375 48360
9330 48375

9765 48870
9780 48825
9810 48795
9840 48765
9855 48750
9885 48720
9915 48705
9945 48690
9975 48675
10005 48660
10035 48645
10065 48630
10080 48615
10125 48585

10170 48075
10200 48090
10185 48135
10170 48165
10140 48195
10125 48225
10095 48255
10080 48285
10065 48330
10035 48360
10020 48390
10050 48375
10080 48345
10110 48330
10155 48300
10215 48285
10260 48270
10320 48255
10365 48255
10410 48240
10440 48240
10485 48255
10530 48270
10560 48315
10560 48345
10545 48405
10530 48435
10545 48390
10575 48360
10605 48330
10635 48300
10665 48285
10695 48270
10725 48255
10770 48240
10800 48240
10815 48270
10815 48330
10800 48375
10785 48405
10770 48450
10755 48480

10455 48435
10440 48405
10440 48360
10455 48345
10500 48315
10530 48300
10560 48285
10590 48270
10620 48255
10650 48240
10680 48225
10725 48210
10770 48210
10770 48270
10770 48345
10770 48390
10770 48450
10770 48510
10770 48570
10785 48630
10785 48675
10800 48735
10800 48780
10800 48810
10815 48855
10800 48825
10785 48780
10785 48735
10770 48690
10770 48630
10755 48570
10755 48510
10755 48465
10740 48420
10740 48390
10740 48330
10740 48285
10725 48255
10710 48195
10710 48135
10710 48180
10710 48240
10710 48285
10710 48315
10710 48360
10710 48405
10725 48450
10725 48525
10740 48555

11070 48195
11100 48165
11130 48180
11130 48255
11130 48315
11130 48375
11115 48435
11100 48510
11085 48570
11055 48630
11040 48690
11025 48750
11010 48795
10995 48840
10980 48885
10965 48930
10980 48885

22050 66900
22020 66915
22020 66855
22035 66825
22005 66855

9900 50925
9930 50955
9960 50985
9990 51000
10020 51015

10665 50985
10620 51000
10665 50985
10710 50970
10755 50940
10815 50925
10860 50895

11685 50925
11625 50925
11580 50925
11535 50910
11475 50910
11415 50925
11385 50925
11310 50940
11280 50955
11220 50955
11160 50970
11055 50985
11130 50985

10305 49065
10215 49035
10185 49020
10200 48990
10140 49005
10185 49080
10200 49140
10260 49305
10305 49440
10365 49650
10455 49890
10530 50235
10590 50475
10680 50760
10755 50985
10830 51255
10905 51450
10965 51645
11010 51810
11070 51930
11100 52050
11130 52140
11160 52200
11190 52185
11235 52155
11280 52125
11310 52095
11355 52065
11400 52020
11445 51990
11490 51945
11535 51900
11580 51870
11625 51855
11670 51840
11715 51840
11775 51855
11820 51870
11865 51885
11910 51930
11955 51960
12000 52005
12030 52050
12075 52080
12105 52110
12150 52125
12195 52155
12240 52155
12300 52155
12360 52155
12420 52125
12495 52110
12555 52080
12630 52035
12690 51990
12735 51930
12780 51945
12810 51960
12855 51975
12885 51975
12960 51975
13020 51960
13050 51945
13110 51915
13155 51870
13215 51825
13275 51795
13335 51750
13395 51705
13455 51660
13500 51630
13530 51600
13560 51570
13605 51555
13575 51510

12480 51045
12435 51045
12420 51030
12435 50985
12450 50955
12465 50925
12495 50910
12525 50880
12555 50865
12570 50835
12615 50820
12645 50805
12630 50865
12615 50895
12600 50940
12585 50985
12570 51030
12555 51090
12540 51135
12525 51180
12525 51225
12510 51285
12525 51330
12540 51375
12570 51390
12600 51405
12645 51405
12675 51390
12705 51375
12720 51360

13290 50655
13230 50640
13260 50625
13335 50625
13365 50625
13410 50610
13455 50610
13515 50595
13560 50595

13980 50730
14010 50715
14040 50730
14055 50775
14055 50835
14040 50880
14040 50940
14040 50985
14025 51045
14025 51105
14025 51150
14010 51210
14010 51255
14010 51300
14010 51345
13995 51390
13995 51345
14010 51300
14010 51240
14010 51180

13650 52065
13650 52110
13665 52155
13710 52140
13725 52110
13770 52050
13800 51990
13860 51825
13905 51690
13965 51495
13995 51330
14025 51105
14040 50925
14040 50760
14040 50610
14025 50490
14010 50385
13995 50310
13965 50250
13950 50205
13935 50175
13905 50145
13875 50175
13860 50205
13860 50265
13860 50340
13875 50430
13905 50520
13950 50610
13995 50715
14040 50805
14100 50895
14175 50970
14190 51045
14205 51105
14205 51150
14220 51195
14235 51240
14250 51285
14250 51330
14265 51300
14280 51255
14280 51210
14295 51165
14325 51105
14325 51075
14340 51045
14355 51015
14355 50985
14370 50955
14385 50925
14385 50895
14400 50850
14415 50820
14430 50790
14445 50745
14460 50715
14460 50685
14490 50625
14505 50580
14550 50535
14595 50505
14640 50460
14685 50430
14745 50415
14805 50385
14850 50370
14910 50340
14970 50325
15030 50310
15105 50310
15180 50295
15255 50295
15330 50295
15405 50295

15105 51075
15075 51060
15105 51045
15135 51030
15180 51015
15210 51015

9615 53940
9615 53895
9600 53850
9570 53835
9525 53835
9465 53850
9435 53865
9405 53895
9375 53910
9345 53940
9330 53985
9330 54015
9345 54045
9390 54045
9450 54045
9480 54030
9525 54030
9570 54000
9600 53985
9645 53970
9675 53955
9690 53925
9705 53895
9705 53850
9645 53835
9600 53850
9555 53850
9510 53865
9480 53880
9450 53895

9600 54000
9570 54000
9540 53970
9570 53940
9600 53910
9630 53895
9675 53880
9720 53880
9735 53895
9750 53940
9735 54000
9720 54030
9705 54075
9675 54120
9645 54165
9630 54195
9600 54240
9585 54255
9570 54300
9585 54270
9615 54240
9645 54225
9660 54210
9705 54180
9750 54165
9795 54165
9840 54165
9870 54180
9900 54195
9900 54240
9900 54315
9885 54375
9885 54405
9870 54435
9855 54465
9825 54495
9795 54525
9780 54555
9735 54570
9705 54585
9675 54570
9690 54525
9705 54495
9735 54450
9765 54435
9795 54420
9825 54420
9870 54405
9900 54375

10470 54930
10425 54915
10395 54900
10380 54885
10320 54855
10290 54825
10260 54810
10230 54795
10200 54765
10170 54735
10140 54705
10110 54675
10080 54645
10050 54600
10020 54570
10005 54525
9975 54480
9960 54435
9930 54390
9915 54330
9900 54270
9885 54225
9885 54165
9885 54120
9870 54075
9885 54000
9885 53940
9900 53910
9915 53880
9930 53850
9945 53820
9960 53790
9990 53760
10005 53745
10035 53715
10050 53700
10080 53685
10110 53670
10155 53655
10200 53640
10230 53640
10275 53655
10320 53655
10350 53670
10395 53685
10425 53715
10455 53730
10485 53745
10515 53775
10545 53805
10560 53850
10575 53940
10575 54045
10560 54135
10530 54240
10485 54315
10440 54405
10365 54480
10290 54540
10215 54600
10125 54660
10035 54720

10470 53835
10410 53850
10350 53865
10305 53880
10260 53895
10215 53910
10170 53940
10140 53985
10110 54030
10095 54075
10065 54135
10050 54210
10035 54285
10020 54375
9990 54465
9975 54555
9960 54630
9945 54705
9930 54765
9915 54810
9915 54855
9915 54915

10380 54105
10410 54090
10455 54090
10485 54090
10515 54105
10545 54150
10545 54180
10530 54225
10530 54270
10560 54285
10605 54285
10635 54255
10665 54240
10695 54195
10830 54165
10800 54120

11550 53385
11445 53370
11415 53355
11355 53385
11385 53415
11430 53385
11400 53370
11415 53400
11445 53430
11475 53460
11490 53490
11520 53520
11550 53550
11580 53580
11595 53625
11625 53655
11640 53685
11655 53730
11670 53760
11685 53790
11655 53835
11640 53850
11610 53880
11580 53910
11535 53940
11490 53955
11460 53985
11415 54000
11385 54015
11340 54030
11310 54045
11280 54060
11250 54060
11235 54105
11220 54165
11205 54225
11190 54285
11190 54330
11175 54390
11175 54465
11175 54510
11175 54570
11175 54630
11190 54690
11190 54735
11190 54795
11205 54855
11205 54900
11220 54945
11220 54990
11235 55020
11250 55050
11265 55095
11280 55125

12750 54165
12720 54180
12765 54195
12795 54195
12855 54210
12885 54225
12915 54240
12945 54255
12960 54270
13005 54300
13050 54330
13065 54375
13080 54405
13065 54450
13035 54465
13005 54480
12975 54495
12930 54510
12885 54525
12870 54555

12960 54375
12930 54360
12900 54345
12915 54285
12975 54240
13035 54195
13110 54135
13185 54105
13245 54075
13275 54075
13290 54120
13290 54165
13185 54315
13125 54390
13065 54465
13020 54540
12990 54570
12990 54600
13035 54585
13095 54615
13185 54525

13800 54075
13770 54045
13785 54015
13815 53985
13860 53955
13890 53940
13935 53925
13965 53925
13995 53910
14040 53910
14100 53895
14145 53895
14175 53910
14205 53940
14190 53970
14175 54030
14160 54060
14145 54090
14130 54120
14100 54150
14085 54180
14070 54210
14040 54225
14025 54255
14010 54285
13980 54330
13965 54360
13980 54405
14025 54405
14070 54420
14115 54420
14175 54420
14235 54420
14280 54405
14325 54405
14355 54390
14385 54375
14400 54345
14415 54315

14085 54360
14100 54330
14130 54315
14175 54300
14220 54315
14250 54330
14265 54360
14265 54390
14265 54435
14250 54480
14235 54540
14220 54570
14205 54585
14190 54555

14175 53760
14220 53760
14265 53760
14340 53760
14385 53760
14460 53760
14535 53745
14610 53745
14670 53745
14730 53730
14790 53730
14850 53730
14895 53715
14940 53715
14925 53700
14880 53685
14820 53700
14790 53715
14775 53745
14745 53805
14730 53850
14715 53895
14670 53970
14640 54030
14595 54030
14535 54030
14490 54030
14445 54015
14400 54015
14355 54015
14310 54015
14265 54015
14220 54015
14205 54150
14235 54165
14280 54180
14310 54210
14355 54225
14400 54240
14445 54255
14505 54255
14550 54270
14595 54285
14655 54300
14700 54300
14745 54315
14790 54315
14835 54330
14865 54330
14910 54345
14940 54360
14970 54360
15015 54390
15045 54390
15105 54420
15150 54450
15195 54480
15210 54510
15210 54540
15225 54585
15225 54615
15225 54690
15225 54735
15225 54765
15225 54810
15210 54840
15195 54885
15180 54915
15150 54960
15120 55005
15090 55050
15060 55080
15030 55125
14985 55155
14940 55200

15225 54285
15270 54270
15285 54255
15315 54240
15360 54225
15390 54225
15435 54225
15480 54240
15465 54285
15450 54330
15435 54390
15435 54450
15465 54495
15480 54525
15510 54540
15540 54570
15570 54570
15645 54555

15300 54195
15330 54180
15375 54180
15390 54195
15375 54240
15360 54285
15345 54315
15315 54360
15300 54390
15285 54405
15270 54450
15300 54435
15345 54435
15390 54465
15435 54480
15465 54495
15495 54510
15525 54510
15555 54525
15615 54525
15660 54510

15660 54300
15645 54345
15645 54390
15645 54435
15645 54480
15660 54510
15660 54540
15675 54555
15705 54600
15750 54645
15780 54660

8520 56655
8535 56625
8565 56625
8580 56655
8595 56700
8625 56730
8640 56760
8670 56805
8700 56865
8715 56880
8730 56910
8745 56940
8760 56970
8775 56985
8790 57015
8805 57045
8835 57090
8850 57120
8865 57150
8895 57180

8820 56940
8775 56910
8745 56880
8715 56865
8745 56820
8805 56820
8865 56820
8925 56820
9000 56835
9075 56835
9150 56850
9225 56865
9300 56865
9345 56880
9390 56895

9480 56505
9435 56505
9405 56520
9390 56565
9360 56610
9345 56655
9300 56715
9270 56775
9225 56850
9180 56910
9135 56970
9090 57030
9060 57090
9045 57120
9030 57150
9000 57195

9660 56445
9660 56490
9660 56550
9675 56580
9675 56610
9690 56670
9690 56715

9780 57120
9810 57090