15180 63495
15120 63435
15060 63405
14955 63435
14850 63465
14670 63570
14550 63660
14430 63765
14325 63855
14250 63930
14205 63990
14175 64050
14160 64095
14175 64155
14205 64185
14280 64200
14355 64200
14580 64125
14745 64065
14895 63990
15060 63930
15225 63870
15360 63825
15480 63810
15600 63795
15690 63810
15750 63825
15810 63855
15855 63885
15885 63945
15900 63990
15930 64050
15930 64125
15930 64170
15930 64230
15930 64290
15930 64350
15930 64395
15915 64440
15900 64485
15885 64530
15870 64575
15840 64620
15810 64650
15750 64680
15825 64695
15660 64725

12450 63870
12360 63885
12285 63900
12240 63900
12195 63900
12240 63885
12330 63855
12420 63825
12660 63810
12840 63780
13125 63765
13395 63765
13905 63765
14265 63765
14715 63780
15075 63795
15675 63825
16125 63840
16575 63885
16935 63915
17355 63960
17640 63990
17880 64020
18060 64035
18180 64050
18270 64065
18345 64065
18390 64080
18450 64080
18495 64095
18540 64110
18570 64125
18600 64140
18705 64140

15270 61440
15240 61395
15210 61365
15180 61380
15165 61515
15150 61905
15135 62175
15135 62535
15120 62835
15120 63270
15135 63600
15135 63945
15150 64395
15165 64770
15195 65100
15210 65340
15225 65535
15240 65685
15240 65790
15255 65865
15255 65910
15270 65955
15270 65985
15255 66045
15240 66105
15225 66165
15210 66210
15210 66270
15195 66315
15195 66360
15210 66315
15210 66270
15225 66225
15240 66165
15255 66120
15255 66060
15270 66015
15285 65970
15315 65940
15330 65910
15345 65880
15360 65865
15405 65850
15435 65835
15480 65835
15510 65850
15540 65880
15570 65910
15585 65940
15585 65970
15585 66015
15600 66060
15630 66120
15660 66180
15720 66240
15795 66315
15870 66375
15945 66435
16020 66495
16095 66540
16185 66600
16245 66660
16320 66705
16365 66765
16395 66810
16395 66885
16380 66945

16185 63390
16215 63375
16275 63360
16335 63345
16395 63345
16470 63345
16515 63345
16545 63345
16620 63345
16680 63345
16710 63345
16755 63330
16785 63315

15630 65550
15600 65535
15600 65490
15615 65430
15615 65400
15630 65355
15645 65325
15660 65280
15690 65250
15720 65205
15750 65160
15795 65130
15840 65100
15900 65055
15945 65025
16005 65010
16065 64980
16110 64965
16170 64950
16200 64935
16245 64935
16290 64935
16335 64950
16380 64980
16395 65010
16425 65040
16440 65070
16470 65100
16485 65130
16500 65175
16515 65205
16515 65250
16530 65280
16530 65340
16530 65385

15495 65565
15585 65610
15630 65655
15705 65760
15795 65850
15825 65970
15855 66045
15930 66150
15975 66195
16080 66240
16140 66270
16215 66225
16425 65520
16485 65340
16530 65190
16575 65085
16605 64995
16620 64920
16650 64875
16665 64845
16695 64875
16725 64935
16740 64965
16770 65010
16740 65040
16800 65070

16575 65595
16560 65565
16560 65625
16575 65670
16575 65715
16590 65775
16590 65835
16605 65880
16605 65925
16590 65970
16590 66015
16575 66060
16560 66090
16545 66120
16515 66135
16485 66150
16455 66165
16425 66180
16395 66180
16335 66180
16380 66225
16425 66240
16470 66270
16530 66300
16590 66315
16635 66345
16665 66360
16695 66375
16740 66390
16725 66315

16470 66015
16485 65970
16500 65925
16530 65970
16530 66015
16530 66060
16530 66105
16530 66165
16515 66225
16515 66270
16500 66330
16485 66390
16485 66435
16470 66480
16470 66540
16470 66570
16470 66615
16485 66675
16515 66690
16590 66675
16650 66660
16710 66615
16770 66555
16845 66495
16800 66450
16920 66405
16980 66345
17025 66315
17070 66285
17100 66255
17130 66240
17160 66225
17190 66225
17205 66270
17205 66330
17205 66375
17205 66435
17190 66495
17175 66555
17160 66630
17130 66705
17100 66780

16680 66720
16650 66780
16635 66810
16605 66855
16590 66900
16560 66945
16530 66990
16515 67020
16485 67065
16455 67095
16425 67125
16410 67155
16380 67185

19320 64635
19275 64665
19230 64695
19200 64710
19170 64740
19140 64755
19125 64785
19110 64830
19095 64860
19095 64905
19095 64950
19095 64995
19095 65040
19095 65070
19095 65115
19110 65175
19110 65220
19110 65265
19125 65310
19140 65355
19140 65400
19140 65445
19155 65475
19170 65565

18795 65865
18825 65835
18855 65820
18885 65805
18930 65790
18960 65790
18990 65775
19035 65760
19080 65760
19155 65760
19215 65745
19290 65745
19365 65745
19425 65760
19455 65760
19500 65760
19560 65775
19605 65790
19650 65790
19710 65805
19755 65820
19785 65835
19830 65835
19860 65850
19890 65850
19935 65865
19965 65880
20010 65895
20040 65910
20085 65910
20130 65925
20175 65925
20235 65940
20295 65940
20340 65940
20385 65940
20445 65940
20490 65925
20520 65910

22215 62895
22200 62865
22170 62895
22125 62940
22080 62970
22020 63015
21945 63075
21870 63120
21780 63180
21705 63240
21630 63285
21570 63345
21510 63405
21465 63450
21420 63480
21405 63510
21435 63540
21705 63435
21750 63420
21795 63405
21840 63390
21870 63405
21885 63450
21885 63510
21885 63555
21900 63600
21900 63660
21915 63720
21930 63765
21930 63825
21945 63870
21960 63930
21975 63960
21975 64005
21990 64050
22005 64080

21345 64065
21330 64095
21330 64155
21345 64185
21375 64215
21405 64260
21435 64290
21465 64335
21495 64365
21510 64380
21540 64410
21555 64440
21585 64455
21615 64485
21645 64500
21675 64515
21705 64530
21750 64545
21780 64545
21810 64560
21885 64560
21945 64560
21990 64545
22020 64530
22050 64515
22065 64485

21885 64575
21990 64590
22065 64605
22125 64620
22155 64635
22125 64680
22080 64695
22020 64725
21975 64740
21915 64770
21855 64800
21810 64845
21765 64875
21735 64920
21705 64965
21690 65010
21675 65070
21690 65115
21705 65160
21735 65190
21780 65220
21840 65235
21915 65235
21990 65220
22065 65205
22140 65160
22215 65115
22275 65055
22335 64980
22380 64905
22410 64815
22425 64725
22440 64650
22425 64575
22410 64530
22365 64485
22320 64455
22260 64455
22200 64455
22140 64455
22080 64470
22035 64500
21990 64530
21960 64560
21930 64590
21900 64605

17400 70095
17325 70110
17265 70125
17190 70140
17115 70155
17025 70185
16950 70200
16860 70230
16770 70275
16680 70320
16575 70380
16485 70440
16395 70500
16290 70560
16200 70635
16110 70710
16035 70785
15945 70860
15885 70935
15825 71010
15765 71070
15705 71190
15660 71145

16365 71910
16350 71895
16320 71865
16305 71850
16335 71865
16365 71880
16440 71910
16500 71940
16575 71970
16650 72000
16770 72015
16875 72015
16980 72030
17085 72015
17205 72000
17295 71970
17385 71940
17445 71910
17505 71880
17535 71850
17550 71820
17550 71760
17520 71745
17490 71745
17445 71760
17370 71790
17310 71820
17250 71880
17175 71955
17130 72015
17070 72105
17025 72180
16995 72255
16965 72330
16950 72405
16950 72465
16950 72525
16965 72585
16980 72645
16995 72690
17025 72735
17040 72765
17070 72795
17100 72825
17115 72855
17145 72870
17175 72885
17220 72900
17250 72885

15135 72555
15060 72600
14985 72630
15090 72690
15105 72705
15135 72720
15150 72750
15150 72780
15255 72840
15285 72855
15345 72885
15405 72930
15495 72975
15615 73020
15705 73095
15795 73155
15915 73230
16005 73305
16155 73380
16245 73440
16365 73530
16455 73605
16560 73680
16635 73740
16710 73815
16785 73875
16845 73935
16920 73980
16980 74025
17025 74055
17055 74070
17085 74100
17130 74115
17115 74055
17100 74040
17085 73995
17070 73965

17670 72225
17655 72270
17640 72315
17625 72360
17640 72405
17655 72450
17670 72480
17685 72525
17715 72570
17745 72615
17775 72660
17805 72690
17835 72735
17865 72765
17895 72795
17925 72825
17955 72840
17985 72855

19725 70575
19710 70605
19695 70680
19695 70725
19680 70785
19680 70830
19665 70875
19665 70935
19665 70995
19665 71130
19695 71220
19710 71295
19710 71370
19725 71430
19740 71475
19755 71505
19770 71550
19800 71565
19830 71550
19845 71505

19260 72240
19215 72240
19260 72255
19290 72270
19305 72285
19335 72300
19365 72330
19395 72345
19425 72360
19455 72360
19500 72375
19530 72390
19575 72405
19620 72420
19650 72435
19695 72450
19740 72465
19785 72465
19815 72480
19860 72495
19890 72495
19935 72510
19980 72510
20025 72525
20085 72525
20115 72525
20160 72525
20205 72525
20235 72510
20295 72510
20325 72495
20370 72495
20400 72480
20430 72495
20445 72510
20475 72525
20520 72525
20520 72480
20535 72450
20535 72405
20550 72345
20565 72285
20565 72210
20580 72180
20595 72120
20595 72090
20595 72030
20595 71985
20610 71925
20625 71895
20760 71715
20865 71520
20955 71355
21030 71175
21090 71025
21135 70890
21165 70785
21195 70680
21210 70605
21225 70545
21240 70500
21240 70455
21240 70410

20055 72285
20025 72300
19965 72300
19935 72285
19920 72240
19905 72210
19920 72180
19950 72135
19980 72120
19995 72090
20010 72060
20040 72045
20055 72075
20070 72135
20085 72180
20100 72210
20115 72255
20130 72285
20145 72330
20160 72360
20160 72390
20175 72420
20190 72465
20205 72480
20250 72465
20280 72420
20295 72390
20310 72345
20340 72300
20385 72240
20430 72180
20475 72120
20520 72075
20565 72030
20610 71985
20655 71940
20700 71895
20730 71850
20760 71820
20790 71790
20820 71760
20850 71730
20880 71685
20910 71670
20925 71640
20955 71610
20985 71580
21000 71565
21030 71535
21045 71505

23340 70110
23295 70080
23250 70065
23220 70050
23205 70080
23205 70140
23220 70200
23220 70245
23220 70290
23220 70335
23235 70395
23235 70455
23235 70530
23250 70605
23250 70680
23265 70740
23265 70800
23265 70860
23280 70920
23280 70980
23280 71025
23280 71070
23295 71100
23280 71160
23280 71205

19650 76410
19665 76380
19650 76335
19620 76335
19560 76335
19485 76335
19395 76365
19275 76410
19155 76470
19020 76545
18870 76635
18720 76740
18570 76875
18420 76995
18300 77130
18195 77265
18090 77415
18060 77445
18045 77475
18030 77505
18015 77535
18000 77580
18000 77610
17985 77640
17985 77685
17985 77715
17985 77790
17985 77850
18000 77880
18015 77955
18030 77970
18045 78015
18075 78045
18105 78060
18150 78045
18165 78030
18195 78000
18225 77970
18240 77955
18255 77925
18285 77895
18300 77865
18330 77835
18345 77805
18375 77775
18390 77745
18420 77715
18435 77685
18465 77670
18480 77640
18465 77775
18420 77910
18375 78045
18300 78165
18210 78285
18120 78390
18030 78480
17940 78540
17850 78600
17775 78645
17715 78675
17670 78705
17640 78720
17595 78735
17625 78690
17685 78675
17760 78645
17880 78630
18000 78600
18150 78570

19620 76320
19575 76335
19545 76350
19590 76320
19620 76305
19665 76290
19710 76275
19755 76260
19815 76245
19875 76230
19920 76215
19965 76215
20010 76200
20055 76200
20070 76320
20055 76260

20640 76575
20625 76620
20625 76650
20640 76710
20640 76770
20640 76815
20640 76875
20655 76935
20655 76980
20655 77010
20655 77055
20655 77010
20670 76965
20685 76905
20700 76845
20715 76785
20745 76725
20775 76680
20805 76635
20850 76605
20865 76590
20925 76590
20955 76620
20985 76650
21015 76695
21030 76755
21060 76815
21075 76875
21105 76935
21120 76980
21120 77025
21135 77085

21435 75855
21465 75885
21495 75915
21510 75960
21540 76005
21585 76065
21630 76140
21675 76200
21705 76290
21765 76380
21825 76470
21885 76560
21945 76665
22005 76755
22065 76845
22110 76920
22170 77010
22215 77085
22245 77145
22275 77205
22290 77250
22305 77295
22320 77325
22335 77355

21615 77370
21570 77400
21555 77430
21525 77490
21495 77565
21450 77655
21420 77760
21405 77850
21375 77955
21375 78045
21375 78105
21390 78180
21420 78225
21450 78255
21495 78270
21555 78255
21615 78225
21675 78180
21735 78120
21780 78045
21825 77955
21870 77850
21900 77760
21900 77670
21900 77595
21885 77535
21855 77475
21825 77430
21795 77400
21765 77370
21735 77355
21690 77325
21645 77340
21645 77370

21675 76275
21735 76275
21795 76275
21840 76260
21885 76260
21930 76260
21990 76260
22020 76275
22005 76320
22005 76365
21990 76395
21975 76425
21945 76455
21930 76500
21915 76530
21885 76575
21855 76620
21825 76665
21795 76710
21765 76755
21735 76785
21720 76815
21705 76845
21690 76875
21660 76890
21630 76935
21615 76950
21630 76920

21855 77085
21855 77040
21870 76995
21855 76965
21825 76935
21825 76995
21840 77025
21840 77085
21810 77190
21780 77295
21735 77430
21705 77565
21645 77730
21585 77880
21525 78015
21480 78165
21420 78315
21390 78435
21345 78540
21315 78630
21285 78690
21255 78750
21240 78795
21225 78840
21210 78870
21240 78840

20610 76860
20565 76920
20520 76920
20475 76950
20460 76980
20445 77025
20445 77070
20445 77115
20475 77130
20535 77070
20565 77025
20595 76965
20640 76920
20745 76845
20805 76800
20880 76740
20925 76710
20985 76680
21030 76650
21075 76650
21105 76635
21165 76650
21135 76650
21105 76680
21090 76710
21090 76755
21105 76815
21120 76860
21135 76890

23085 75570
23025 75540
23055 75495
23085 75495
23130 75510
23145 75540
23235 75555
23295 75585
23325 75615
23400 75630

24735 75780
24750 75735
24765 75720
24810 75705
24840 75690
24870 75690
24900 75675
24930 75660
24975 75660
25020 75645
25065 75630
25095 75630
25125 75615
25170 75600
25155 75570
25110 75585
25080 75600
25050 75630
25005 75660
24975 75690
24945 75720
24900 75750
24855 75780
24825 75825
24795 75870
24765 75900
24750 75945
24735 75990
24735 76050
24750 76080
24765 76095
24780 76125
24795 76080
24810 76035
24825 76005
24855 75975
24885 75945
24915 75930
24945 75900
24975 75885
25020 75870
25050 75855
25080 75840
25110 75825
25155 75825
25185 75810
25230 75795
25260 75795
25305 75780