3540 59415
3510 59400
3480 59385
3435 59370
3405 59340
3390 59310
3390 59280
3390 59235
3375 59265
3375 59310
3360 59370
3360 59430
3345 59520
3330 59610
3330 59730
3315 59850
3300 59985
3300 60135
3285 60285
3270 60465
3270 60630
3255 60795
3255 60960
3255 61125
3255 61305
3255 61470
3270 61620
3270 61785
3285 61920
3300 62040
3315 62160
3315 62280
3330 62370
3345 62460
3360 62535
3360 62595
3375 62640
3390 62700
3390 62655
3390 62595
3390 62520

3510 60885
3555 60855
3600 60825
3645 60795
3675 60780
3705 60765
3720 60750
3750 60735
3810 60720
3855 60690
3885 60690
3915 60690
3945 60720
3975 60750
3990 60780
4005 60795
4035 60840
4050 60855
4065 60885
4080 60930
4095 60975
4110 61035
4125 61080
4140 61125
4155 61185
4170 61230
4185 61260
4185 61305
4200 61335
4215 61395
4230 61425
4230 61470
4215 61500
4185 61530
4140 61515

3480 60885
3540 60870
3570 60855
3600 60840
3630 60840
3660 60825
3705 60810
3735 60810
3795 60795
3825 60795
3795 60825
3765 60855
3735 60885
3690 60915
3660 60930
3630 60960
3600 60975
3570 60990
3540 61020
3510 61035
3540 61050
3585 61065
3645 61080
3690 61095
3720 61095
3765 61110
3795 61140
3810 61155
3840 61170
3855 61185
3885 61230
3900 61275
3900 61320
3870 61335
3840 61350
3810 61335
3840 61290
3855 61260
3885 61245
3915 61245
3960 61245
4005 61245
4050 61260
4080 61275
4110 61290

3510 61260
3495 61305
3465 61335
3435 61380
3420 61410
3390 61440
3360 61455
3420 61425
3465 61395
3525 61380
3585 61365
3645 61335
3705 61320
3765 61305
3840 61275
3900 61260
3975 61245
4035 61230
4080 61215
4125 61215
4155 61200
4200 61200
4230 61185

3390 61635
3435 61650
3465 61665
3525 61665
3585 61665
3660 61680
3750 61680
3855 61680
3945 61680
4035 61680
4125 61680
4215 61680
4275 61680
4335 61680
4380 61680
4440 61680

5175 60975
5205 60990
5220 61035

5205 60990
5175 60975
5130 60990
5085 61020
5055 61050
5040 61095
5055 61125
5085 61155
5130 61185

5040 60510
4965 60480
4935 60465
4890 60450
4920 60480
4875 60540
4875 60570
4920 60645
4935 60690
4950 60780
4965 60840
4980 60900
4995 60945
4995 60990
4995 61050
4965 61035
4800 60765
4770 60780
4725 60795
4695 60810
4665 60825
4635 60855
4605 60870
4605 60900
4620 60915
4665 60930
4710 60945
4755 60960
4830 60960
4860 60975
4905 60975
4935 60975
4980 60990
5025 60990
5055 60990
5100 60990
5145 60990
5175 61020
5205 61035
5250 61065
5280 61095
5325 61125
5355 61140
5400 61155
5430 61170
5475 61185
5505 61185
5565 61185
5595 61155

7140 59685
7110 59700
7095 59730
7080 59760
7050 59820
7020 59865
6990 59925
6960 60000
6915 60075
6870 60165
6825 60240
6780 60315
6735 60405
6675 60510
6630 60600
6570 60720
6510 60840
6450 60960
6375 61080
6315 61200
6240 61320
6180 61440
6105 61560
6045 61665
5985 61770
5940 61860
5880 61950
5835 62025
5805 62085
5760 62130
5730 62160
5805 62160

6585 61245
6600 61215
6615 61200
6660 61215
6675 61245
6675 61290
6660 61335
6675 61305
6690 61275
6735 61245
6780 61230
6810 61215
6855 61230
6900 61245
6915 61260

7515 60630
7485 60615
7455 60630
7425 60660
7395 60690
7380 60720
7350 60750
7350 60705
7365 60675
7395 60630
7425 60615
7470 60585
7530 60570
7575 60555
7620 60555
7650 60570
7680 60570
7710 60600
7740 60630
7755 60645
7755 60690
7755 60750
7740 60780
7725 60810
7710 60840
7695 60885
7680 60915
7650 60960
7635 60990
7605 61035
7575 61065
7560 61095
7530 61125
7515 61140
7485 61185
7455 61215
7410 61230
7380 61245

7620 61125
7665 61110
7695 61080
7725 61050
7755 60990
7770 60945
7785 60915
7800 60885
7815 60855
7830 60825
7845 60795
7875 60765
7920 60765
7935 60795
7965 60825
7980 60855
7980 60900
7995 60930
7995 60975
7995 61020
7980 61065
7965 61095
8145 61125
8010 61140

8325 60780
8370 60780
8340 60765
8325 60795
8310 60810
8280 60840
8250 60885
8220 60930
8175 60990
8145 61050
8100 61110
8055 61185
8010 61245
7965 61305
7920 61365
7875 61425
7845 61470
7815 61515
7785 61545
7755 61575
7725 61605
7695 61620
7665 61590
7650 61560

7770 61560
7785 61515
7800 61470
7815 61455
7845 61410
7890 61395
7920 61470
7950 61440

8820 61095
8790 61125
8820 61200
8835 61125

9990 60420
9975 60465
9960 60510
9930 60615
9915 60690
9900 60795
9870 60885
9855 60990
9840 61080
9840 61170
9825 61230
9810 61305
9810 61350
9795 61395
9795 61455
9795 61410

10185 60795
10215 60765
10245 60735
10275 60690
10275 60675
10275 60630
10245 60615
10200 60600
10140 60600
10095 60600
10050 60615
10005 60615
9975 60630
9930 60645
9900 60660
9870 60705
9870 60735
9885 60780
9915 60795
9960 60825
10005 60855
10050 60900
10095 60930
10155 60975
10215 61005
10260 61050
10305 61080
10350 61125
10380 61155
10410 61185
10425 61215
10440 61230
10470 61275
10440 61305
10395 61305
10350 61320
10305 61320
10245 61305
10215 61305
10170 61290
10125 61290
10095 61275
10080 61260
10050 61200
10065 61170

11055 60750
11040 60780
11040 60825
11040 60885
11025 60930
11025 60975
11010 61020
11010 61065
11010 61110
10995 61155
10995 61200
10980 61245
10980 61290
10965 61350
10965 61395

11070 60900
11085 60915
11115 60930
11130 60960

11370 60870
11370 60825
11400 60810
11460 60795
11490 60780
11535 60765
11595 60765
11640 60765
11670 60780
11670 60825
11625 60885
11610 60915
11580 60945
11550 60990
11520 61035
11475 61065
11445 61095
11415 61125
11400 61155
11370 61185
11400 61140
11430 61125
11445 61095
11475 61080
11505 61050
11535 61035
11565 61020
11595 61005
11625 60990
11670 60960
11700 60960
11730 60975
11745 61005
11760 61050
11775 61110
11790 61140
11805 61170
11820 61200
11850 61215
11865 61245
11880 61260
11925 61290
11955 61290
11985 61290
12015 61260

11985 60525
11955 60540
11955 60570
11895 60615
11880 60660
11925 60720
11940 60780
11910 60885
11910 60930
11955 60990
11985 61050
11970 61110
11970 61155
11985 61200
12000 61230
12015 61260
12060 61260
12120 61245

12810 60375
12780 60330
12750 60315
12720 60330
12675 60345
12630 60375
12600 60390
12570 60420
12540 60450
12510 60465
12480 60495
12450 60525
12435 60540
12405 60570

12810 60030
12765 60015
12720 60015
12750 60030
12780 60060
12795 60105
12780 60225
12780 60315
12750 60435
12735 60555
12675 60720
12645 60855
12600 60990
12570 61125
12540 61260
12510 61365
12495 61455
12480 61545
12465 61620
12435 61665
12435 61710
12450 61740
12420 61800
12435 61710

12945 60585
12915 60600
12870 60600
12840 60615
12795 60615
12750 60615
12735 60660
12720 60720
12705 60750
12705 60795
12705 60840
12705 60885
12690 60930
12690 60960
12690 61050
12690 61080
12705 61140
12705 61185
12705 61125
12705 61065
12705 60990
12705 60930
12720 60900
12735 60855
12780 60855
12810 60855
12825 60870
12855 60900
12870 60915
12885 60945
12900 60990
12915 61035
12915 61065
12915 61110
12900 61140

12960 61080
12975 61125
12975 61170
12975 61200
12975 61245
12975 61290
12975 61335
12975 61380
12990 61365

13695 60915
13665 60945
13695 60975
13740 60975
13770 60960
13815 60945
13845 60930
13890 60915
14040 60915

14385 59310
14340 59310
14385 59310
14445 59325
14490 59340
14475 59370
14550 59430
14565 59475
14580 59520
14580 59565
14580 59610
14565 59655
14550 59685
14520 59730
14475 59775
14445 59820
14400 59865
14355 59895
14340 59940
14310 59970
14310 60015
14340 60060
14385 60090
14430 60120
14460 60150
14460 60195
14460 60240
14445 60270
14430 60300
14430 60330
14430 60390
14430 60450
14445 60495
14430 60540
14415 60585
14415 60630
14400 60675
14385 60720
14385 60765
14385 60810
14370 60870
14370 60915
14355 60960
14340 61020
14340 61080
14325 61125
14310 61170
14295 61215
14295 61260
14280 61305
14265 61350
14250 61395
14235 61440
14220 61470
14205 61515
14205 61545
14190 61605
14175 61635
14175 61680
14160 61710
14160 61770
14145 61830
14130 61890
14115 61935
14115 61980
14100 62010
14145 62010
14190 61995
14250 61995
14295 61995
14355 61980
14400 61980
14445 61980
14505 61980
14550 61965

14205 59805
14265 59775
14355 59760
14430 59745
14505 59745
14580 59745
14640 59745
14685 59760
14715 59775
14745 59805
14745 59835
14745 59865
14730 59925
14715 59970
14670 60015
14610 60060
14550 60105
14505 60135
14520 60180
14550 60210
14595 60255
14610 60270
14625 60300
14655 60345
14670 60375
14700 60420
14730 60465
14745 60510
14775 60540
14790 60585
14820 60630
14835 60675
14850 60720
14850 60765
14865 60795
14865 60840
14865 60900
14835 60960
14820 60990
14865 60960
14895 60945
14940 60930
14970 60915
15015 60930
15015 61005
15015 61065
15015 61125
15015 61185
15000 61245
15000 61290
15000 61350
14985 61395
14970 61455
14955 61500
14925 61515
14865 61530
14805 61515
14775 61500
14745 61470
14715 61455
14685 61425
14700 61380
14745 61365
14790 61350
14835 61335
14880 61305
14925 61290
14970 61260
15015 61230

15225 59880
15195 59865
15150 59835
15120 59820
15075 59850
15045 59880
15030 59940
15030 60015
15015 60090
15015 60135
15030 60210
15030 60255
15030 60330
15045 60390
15045 60495
15060 60570
15060 60690
15075 60780
15090 60810
15120 60840
15135 60885
15165 60915
15195 60945
15225 60975
15255 61005
15285 61035
15315 61080
15345 61110
15375 61155
15420 61185
15435 61260
15465 61320
15480 61380
15480 61410
15495 61470
15510 61500
15480 61470
15450 61410
15435 61365
15420 61305

15405 60300
15360 60315
15375 60360
15405 60405
15405 60435
15420 60465
15435 60495
15450 60525
15465 60555
15480 60600
15495 60645
15480 60585
15465 60540
15450 60480
15435 60450
15420 60405
15405 60390
15405 60345
15420 60300
15450 60270
15480 60255
15525 60255
15585 60285
15615 60300
15645 60315
15660 60345
15690 60360
15705 60390
15735 60435
15750 60480
15735 60525
15720 60570
15690 60600
15630 60615
15585 60600
15555 60600
15525 60570
15480 60540
15465 60510

15525 60555
15525 60495
15525 60465
15555 60480

15315 60705
15300 60720
15330 60735
15390 60735
15465 60735
15495 60735
15540 60735
15600 60735
15660 60735
15705 60720
15735 60720
15780 60720
15870 60720
15810 60705

15810 61215
15795 61245
15780 61275
15780 61320
15825 61335
15855 61350
15900 61365
15945 61365
15990 61365
16035 61350
16065 61350
16095 61320
16125 61290
16155 61245

16560 60645
16530 60660
16530 60720
16530 60780
16545 60825
16545 60885
16560 60930
16560 60960
16545 60930
16545 60870
16545 60825
16575 60780
16605 60765
16650 60735
16710 60735
16740 60735
16755 60765
16740 60810
16725 60840
16695 60870
16665 60900
16635 60915
16590 60945
16560 60945
16575 60900
16605 60825

16845 60870
16770 60870
16740 60855
16785 60855
16740 60870
16710 60885
16710 60915
16710 60975
16725 61005
16725 61065
16740 61125
16755 61155
16755 61200

17010 61005
16965 61020
16920 61020
16875 61035
16920 61035
16980 61035
17055 61020
17100 61020
17145 61020
17190 61005
17220 61005
17265 60990
17295 60990
17355 60975
17385 60990

17220 61245
17280 61260
17325 61260
17385 61275
17430 61290
17460 61290
17505 61290
17550 61275

18165 60285
18150 60315
18135 60360
18135 60420
18135 60480
18135 60540
18135 60600
18135 60630

17700 60675
17655 60675
17610 60660
17640 60660
17685 60645
17760 60645
17835 60645
17925 60660
18000 60660
18120 60675
18195 60690
18285 60705
18360 60720
18450 60750
18510 60765
18570 60780
18615 60795
18660 60810
18690 60825
18735 60840
18750 60870
18765 60900
18780 60960
18780 61020
18780 61095
18765 61155
18765 61185
18750 61260
18750 61305
18735 61350

18525 60495
18480 60495
18540 60465
18600 60465
18675 60465
18780 60465
18870 60480
18960 60480
19050 60495
19110 60495

18765 60585
18780 60555
18810 60585
18825 60645
18825 60690
18840 60750
18840 60810
18840 60855
18855 60930
18855 60975
18855 61020
18870 61065
18870 61110
18885 61155
18885 61215
18870 61170

18870 60795
18900 60780
18930 60780
18990 60765
19035 60765
19095 60765

19335 60735
19305 60720
19260 60690
19230 60675
19200 60660
19155 60645
19140 60675
19155 60720
19170 60750
19185 60810
19185 60840
19200 60885
19215 60915
19215 60960
19230 61020
19230 61065
19230 61110
19215 61140
19095 61140
19140 61125

19740 60450
19725 60525
19725 60585
19725 60630
19740 60690
19755 60735
19770 60780
19800 60810
19830 60840
19860 60855
19935 60840
19965 60825

19785 60465
19740 60465
19725 60495
19725 60540
19710 60585
19710 60630
19710 60705
19695 60765
19695 60840
19680 60915
19680 61005
19665 61080
19665 61170
19650 61245
19650 61335
19635 61410
19635 61470
19635 61545
19620 61605
19620 61665
19620 61695
19620 61740