10710 63165
10680 63195
10695 63225
10755 63210
10815 63210
10845 63195
10875 63180
10905 63180
10935 63165
10980 63135
10995 63135

11100 63075
11130 63060
11160 63030
11175 63015
11220 62985
11265 62955
11310 62940

11190 63060
11160 63075
11190 63090
11220 63090
11265 63090
11310 63105
11355 63105
11385 63165

10950 62730
10920 62760
10890 62805
10875 62835
10845 62865
10905 62865
10950 62850
10995 62835
11040 62820
11100 62790
11175 62775
11250 62760
11310 62745
11370 62715
11430 62700
11490 62685
11535 62670
11580 62655
11625 62640
11655 62655
11640 62730
11625 62775
11595 62835
11550 62925
11505 63015
11445 63105
11370 63210
11310 63315
11235 63420
11190 63525
11130 63630
11085 63720
11055 63795
11025 63870
11010 63930
10980 63990
10965 64020
10965 64065
10935 64095
10920 64035

10950 63750
10920 63765
10890 63780
10920 63780
10965 63765
11010 63750
11070 63735
11130 63705
11205 63675
11280 63645
11370 63615
11445 63585
11520 63615
11595 63540

11385 63375
11355 63390
11340 63420
11310 63450
11310 63480
11295 63510
11295 63555
11295 63600
11295 63645
11295 63675
11295 63720
11310 63750
11310 63795
11325 63825
11325 63885
11340 63930
11355 63885

11310 63990
11280 63990
11235 63990
11190 63990
11235 63990
11295 63975
11370 63975
11415 63990
11445 63990
11490 64005
11535 64020
11565 64020

11400 63840
11445 63840
11490 63825
11550 63825
11595 63825
11625 63810
11670 63810
11685 63780
11670 63810
11670 63855
11655 63885
11640 63930
11610 63975
11595 63990
11565 64035
11535 64065
11505 64095
11475 64095
11445 64065
11460 64020
11475 63990
11505 63975
11550 63960
11595 63975
11610 64005
11610 64050
11610 64095
11610 64140
11595 64185
11565 64215
11550 64260
11520 64290
11505 64305
11505 64260

11940 64470
11880 64515
11850 64530
11835 64545
11775 64560
11790 64575
11760 64545

11670 64110
11700 64125
11730 64155
11760 64185
11775 64215
11805 64245
11820 64275
11865 64335
11880 64365
11910 64425
11925 64470
11940 64515
11955 64560
11955 64620
11955 64665
11925 64710
11910 64755
11865 64815
11820 64860
11745 64935
11685 64980
11610 65010

11430 64530
11475 64560
11505 64575
11535 64590
11580 64605
11625 64635
11670 64650
11730 64680
11790 64710
11865 64740
11925 64770
12000 64800
12060 64830
12120 64860
12180 64890
12240 64920
12285 64935
12330 64965
12375 64980
12405 64980
12435 65010

12810 64140
12765 64080
12765 64155

14925 64425
14955 64425
15015 64455
15045 64455
15075 64440
15090 64395
15075 64335
15060 64275
15030 64215
15000 64170
14955 64095
14910 64050
14805 63960
14715 63885
14580 63795
14445 63720
14265 63615
14115 63540
13935 63450
13725 63360
13425 63270
13260 63210
13125 63150
12975 63120
12810 63090
12690 63060
12585 63045
12480 63030
12390 63015
12315 63000
12240 63000
12165 62985
12105 62985
11985 62955
11880 62940
11805 62910
11730 62895
11685 62880
11640 62865
11595 62850
11595 62895
11610 62940
11640 62985
11670 63045
11685 63120
11715 63210
11745 63315
11775 63435
11790 63570
11790 63615
11790 63675
11775 63735
11775 63795
11760 63855
11760 63915
11760 63960
11745 64020
11745 64080
11745 64140
11745 64185
11730 64245
11730 64290
11730 64350
11730 64395
11730 64440
11730 64500
11715 64545
11715 64590
11715 64635
11715 64680
11715 64725
11715 64770
11715 64815
11715 64860
11715 64920

12870 63135
12825 63135
12780 63150
12705 63150
12750 63135
12825 63135
12870 63135
12915 63150
12975 63150
13035 63150
13110 63150
13185 63150
13275 63135
13380 63120
13485 63105
13620 63090
13740 63075
13875 63045
14025 63030
14175 63015
14325 63000
14460 62985
14595 62970
14730 62970
14850 62955
14955 62955
15060 62970
15150 62970
15225 62985
15285 63015
15330 63030
15375 63045
15420 63075
15480 63045
15525 63030
15570 63015
15600 63000
15645 62985
15675 62970
15675 63015
15675 63075
15675 63135
15675 63180
15675 63225
15675 63285
15690 63360
15690 63435
15690 63510
15705 63585
15720 63675
15735 63750
15735 63840
15750 63930
15765 64020
15780 64110
15795 64185
15810 64260
15810 64335
15825 64395
15840 64440
15840 64485
15840 64515
15855 64560
15855 64605
15855 64650
15855 64695
15765 64710
15690 64725
15600 64740
15510 64755
15435 64755
15345 64770
15255 64770
15180 64770
15105 64770

13875 63135
13890 63165
13935 63165
13965 63150
14010 63135
14070 63105
14115 63075
14175 63045
14250 63015
14325 62970
14400 62925
14475 62880
14550 62835
14625 62790
14700 62760
14775 62730
14835 62700
14880 62685
14925 62670
14970 62655
15000 62640
14985 62685
14970 62655

14895 62700
14940 62715
14955 62760
14940 62790
14925 62835
14910 62865
14880 62910
14850 62955
14790 63000
14730 63045
14655 63090
14595 63120
14535 63150
14475 63165
14445 63180
14400 63180
14430 63195
14460 63210
14505 63225
14535 63255
14580 63270
14610 63285
14655 63315
14685 63330
14760 63330
14790 63285
14835 63240
14895 63180

15690 63525
15675 63600
15675 63630
15660 63675
15660 63705
15660 63750
15660 63810
15660 63855
15675 63915
15690 63960
15705 63990
15720 64005
15735 64035
15750 64080